38 3.108114 2.391070 2.201852
39 3.419955 2.331724 2.216059
40 3.228260 2.690016 2.205394
41 3.249987 3.730591 2.422534
42 3.315284 3.054359 2.564689
43 3.136011 3.330904 2.268598
44 3.236227 3.533662 3.107817
45 3.316365 2.654817 3.002668
46 3.358182 3.758624 2.335464
47 3.206386 4.064948 2.904525
48 3.170718 2.812842 2.137378
49 3.125241 3.588069 2.059440
50 3.036442 4.362922 2.106666
51 2.924511 4.543676 2.060529
52 3.169989 3.533047 2.102925
53 3.019684 3.712133 2.012623
54 3.154025 4.452191 2.101078
55 3.249507 3.557282 3.507400
56 3.353754 5.779598 2.088216
57 3.328374 4.547830 3.195098
58 3.414575 3.962979 2.267301
59 3.249065 5.036497 2.620199
60 3.363482 6.806156 2.376489
61 3.423112 6.407201 2.146880
62 3.439314 6.245679 2.008518
63 3.571178 6.258886 2.154372
64 3.512473 5.204692 2.106052
65 3.514837 4.909562 2.116523
66 3.489325 5.662285 2.362623
67 3.338226 4.373949 2.379725
68 3.468048 3.994039 2.245138
69 3.477497 4.916145 2.026691
70 3.471566 4.852457 2.030516
71 3.408872 4.312443 2.111099
72 3.233106 4.424190 2.336401
73 3.206688 2.157899 4.315051
74 3.205650 2.773044 2.842067
75 3.318841 3.509534 2.502351
76 3.444642 3.249131 3.568672
77 3.359767 3.225084 3.010916
78 3.466196 2.371725 3.843627
79 3.602309 4.337421 3.139180
80 3.733784 4.387688 4.093489
81 3.779289 4.814417 3.407826
82 3.742063 5.525885 2.555642
83 3.579751 3.485665 4.648378
84 3.775831 5.070407 2.973597
85 3.696433 4.716785 2.317280
86 3.534704 4.063948 3.413216
87 3.425761 6.128961 2.091117
88 3.397451 5.119964 2.012818
89 3.342859 5.409621 2.156435
90 3.327518 5.146911 2.277475
91 3.320651 6.381673 2.024667
92 3.430444 6.387901 2.038774
93 3.562437 5.933098 2.028912
94 3.584757 5.123020 2.459120
95 3.649388 5.229449 3.728397
96 3.751244 7.259934 2.251167
97 3.790741 6.589079 2.599656
98 3.717038 5.952924 3.690152
99 3.676772 5.733766 2.739584
100 3.585121 4.291654 4.557056
101 3.566146 4.104135 4.304217
102 3.574656 4.382907 2.784939
103 3.582647 6.217037 2.174333
104 3.579240 5.433744 2.913135
105 3.593578 4.316831 3.346265
106 3.498935 4.588608 2.083275
107 3.558096 6.055684 2.080089
108 3.622035 6.019736 2.218110
109 3.466898 4.516871 2.321076
110 3.489586 4.612080 2.242180
111 3.469927 5.320938 2.059990
112 3.530848 5.316266 2.088528
113 3.626033 4.270087 2.251609
114 3.704068 4.666303 2.642076
115 3.655689 3.563934 5.228843
116 3.646704 5.160931 2.086494
117 3.486194 4.745554 4.529165
118 3.476077 4.656104 3.601667
119 3.491782 4.195850 5.577412
120 3.414679 4.023081 4.433386
121 3.147329 3.936791 5.046073
122 3.209193 4.114205 2.355897
123 3.375887 4.406261 2.220823
124 3.416108 4.048797 2.005375
125 3.410821 3.193303 3.152273
126 3.581290 3.784799 2.094683
127 3.500353 4.389289 2.064971
128 3.607118 3.192147 3.665627
129 3.638613 4.927489 2.639879
130 3.770133 5.044566 2.730679
131 3.584548 4.168112 4.334158
132 3.625255 5.417781 2.211655
133 3.536535 5.753309 2.252660
134 3.550271 4.864034 2.597031
135 3.498668 5.877785 2.662497
136 3.344265 4.878177 3.014756
137 3.450159 4.862562 2.370123
138 3.360649 4.533343 2.612259
139 3.310169 4.466615 2.359474
140 3.316415 3.636549 4.832717
141 3.372372 3.623894 2.999539
142 3.413691 3.686584 2.976615
143 3.729714 5.145263 2.178781
144 3.662805 4.682542 2.119351
145 3.747410 4.479266 2.334135
146 3.714594 4.496934 2.109151
147 3.672447 4.142183 2.490010
148 3.638958 3.670816 2.287137
149 3.666252 4.861670 2.129408
150 3.503988 3.738573 2.229739
151 3.396721 2.827772 2.235605
152 3.299274 2.873898 2.933111
153 3.418065 3.741397 2.012375
154 3.361008 2.593460 3.858545
155 3.429467 4.363211 3.395233
156 3.451996 3.713096 2.212532
157 3.559730 3.773885 2.574132
158 3.487464 4.830917 2.284068
159 3.554801 4.295141 2.218999
160 3.560376 4.518721 2.054483
161 3.437738 3.753778 2.403832
162 3.724112 4.219794 2.259921
163 3.674215 4.200022 3.053034
164 3.798881 2.898119 2.277341
165 3.798781 3.317587 2.536428
166 3.819833 2.440903 4.792750
167 3.789679 3.159937 3.911490
168 3.608604 4.033031 2.474938
169 3.694047 3.979947 2.511615
170 3.912638 4.051762 3.059015
171 3.844243 5.985680 2.568979
172 3.946140 5.658582 2.211085
173 3.917232 6.753909 2.523217
174 3.944895 5.657065 2.256591
175 3.812368 5.421333 4.103530
176 3.723050 4.624589 3.703908
177 3.607146 4.799662 2.113757
178 3.762564 4.339354 2.087445
179 3.902528 3.794131 2.521530
180 3.782753 3.088043 2.087160
181 3.866570 3.723181 2.676132
182 3.842446 4.218770 2.074448
183 3.826522 3.696240 3.096518
184 3.760336 5.071652 2.735279
185 3.809286 5.135538 2.115565
186 3.662482 3.574870 3.031065
187 3.742711 4.326029 2.121173
188 3.713723 4.038622 2.709049
189 3.889322 3.636213 2.119276
190 4.023978 3.129164 5.278181
191 4.082494 4.115590 2.179715
192 4.137317 3.860368 2.520322
193 4.126709 3.593246 2.873426
194 4.087058 4.800863 2.332316
195 4.090241 5.439057 2.136775
196 4.076821 5.515203 2.051729
197 4.011485 6.009327 2.105795
198 4.042711 5.683017 2.118066
199 3.930965 5.603267 2.107228
200 3.707455 5.520513 2.616621
201 3.646642 4.833142 2.002766
202 3.658353 4.350741 3.270264
203 3.682986 4.966424 3.823865
204 3.696054 4.490371 4.721137
205 3.846957 5.487353 2.378398
206 3.776032 4.846578 2.794887
207 3.849155 4.864483 2.276775
208 3.817654 5.113677 2.192227
209 3.870675 5.189500 2.448935
210 3.938295 3.024277 2.233423
211 3.922482 3.822415 2.027671
212 3.990501 3.624903 2.067959
213 4.285141 3.701104 2.120786
221 4.422298 2.955151 3.016793
222 4.490906 2.691795 2.042482
223 4.381420 3.708010 4.233236
224 4.248558 2.353844 3.776165
225 4.235029 3.037232 2.045808
226 4.014001 4.053644 2.007930
227 3.921569 5.237445 2.396648
228 3.861098 4.721935 2.535248
229 3.810843 3.631891 3.448804
230 3.699152 4.599650 2.327415
231 3.842410 5.025124 2.586464
232 3.863713 4.788313 2.126735
233 4.039668 5.057255 4.041868
234 4.034820 5.624329 2.070561
235 4.045838 4.748700 2.049574
236 4.358551 4.586999 2.303775
237 4.169216 4.275170 2.409824
238 4.257457 4.362108 2.031692
239 4.079645 4.053811 2.678912
240 4.028078 1.938551 4.967214
241 3.997786 2.519722 2.258036
242 3.918035 1.746664 2.180061
243 3.970586 2.239186 2.109489
244 3.862924 2.384500 2.694292
245 3.662030 3.374870 2.092638
246 3.582031 4.138950 2.055698
247 3.443040 4.237586 2.025489
248 3.221908 4.094151 2.003275
249 3.358070 4.310039 2.094625
250 3.379971 4.599887 2.179377
251 3.454160 3.061980 3.372157
252 3.590978 4.110277 2.525451
253 3.739837 3.144666 4.221304
254 3.846155 2.898677 3.590759
255 3.928869 2.997644 2.769525
256 4.001249 2.922506 2.110061
257 4.042330 2.541436 2.339298
258 3.897795 3.071846 2.159487
259 3.720537 3.724441 2.037841
260 3.381958 3.525550 2.007045
261 3.570081 2.243137 2.786765
262 3.491958 2.928546 2.152898
263 3.462681 3.644204 2.138334
264 3.520169 4.197148 2.169567
265 3.594668 4.833707 2.069333
266 3.531250 3.892833 2.194058
267 3.755879 3.426837 2.067359
268 3.996569 4.720370 2.024650
269 3.967489 4.361308 2.129933
270 4.128385 3.808737 2.126609
271 4.233234 2.956867 2.173896
272 4.044859 3.803911 2.002428
273 3.941445 3.613209 2.511270
274 3.725428 3.253076 3.227694
275 3.659160 3.977080 3.568334
276 3.626936 2.603027 5.816058
277 3.487316 2.358629 5.609979
278 3.435196 4.070659 2.132649
279 3.378789 2.973461 3.002698
280 3.443263 3.326593 3.000084
281 3.227139 1.932670 2.769445
282 3.331204 1.928173 3.738010
283 3.269268 3.170245 2.353232
290 3.567274 2.420199 2.038088
291 3.623912 2.875997 2.005896
292 3.729585 2.064928 2.060197
293 3.631781 2.552723 2.251867
294 3.799283 2.283469 3.031992
295 3.952726 3.342139 2.253869
296 4.121187 1.663810 5.352283
297 4.186606 2.882628 2.123495
298 4.148965 2.999341 2.593748
299 3.675536 3.128729 2.793582
300 3.692259 3.149987 2.207883
367 3.756775 2.448068 2.404734
368 3.785922 3.493217 2.026669
369 3.797516 2.787138 2.040828
370 3.996430 2.433179 2.116576
371 4.071681 3.369999 2.576926
372 4.404919 3.241973 2.951143
373 4.494560 2.976326 2.079655
374 4.596844 2.302249 3.554421
375 4.542689 2.293595 2.132530
376 4.473011 1.966443 2.476063
377 4.211633 2.064473 2.109343
378 4.145556 3.880383 2.019301
379 4.203437 2.255043 2.612094
380 4.246478 2.489807 2.869569
381 4.182663 2.644874 5.403733
382 4.208803 2.875032 4.792397
383 4.225421 2.696469 5.180294
384 4.210714 3.358689 2.803083
385 4.465122 2.096243 5.162039
386 4.297927 1.781975 5.879498
387 4.469611 2.120241 3.391110
388 4.457936 2.437172 2.039597
389 4.511592 2.599948 3.551859
390 4.593590 3.803338 2.045639
391 4.531343 4.645718 2.171998
392 4.344403 5.247611 2.027863
393 4.172447 4.095144 2.241306
394 4.218034 5.062389 2.337817
395 4.315458 4.155369 2.559491
396 3.989882 3.166390 2.155533
397 3.696218 2.973854 2.619024
398 3.808141 2.501139 4.381998
399 3.700258 3.363117 2.716311
400 3.590519 3.011222 2.916387
401 3.606798 3.737705 3.330043
402 3.641385 3.305996 3.925966
403 3.821628 2.658754 2.039862
404 3.867908 4.735898 2.010199
405 4.044457 3.332155 2.605231
406 4.138721 4.273879 2.634408
407 4.264988 3.328697 3.119476
408 4.345049 2.851829 3.294821
409 4.238092 2.423285 5.973407
410 4.395108 3.262501 3.363511
411 4.449828 3.532091 2.231811
412 4.409232 3.049015 2.029788
413 4.273304 2.929258 2.530798
414 4.083517 4.012014 2.099848
415 4.228407 4.946660 2.268513
416 4.138748 4.418567 2.752573
417 4.162617 3.755955 3.716894
418 4.098348 3.632725 2.271811
419 4.058519 4.562247 2.394372
420 4.093191 3.784948 2.441520
421 4.107044 3.814418 2.145941
422 3.900262 3.016828 2.214079
423 3.873357 2.892425 2.140018
424 3.821946 3.762797 2.105750
425 3.819205 3.550124 2.065547
426 4.127814 3.762416 2.092823
427 4.085460 3.867092 2.026282
428 4.247062 3.463234 2.738319
429 4.135336 4.375427 3.138808
430 4.091257 3.410399 2.823639
431 4.182001 4.498879 3.015562
432 4.288585 3.935189 2.288769
433 4.199534 3.239424 2.563973
434 4.180938 4.578177 2.143285
435 4.078994 4.004249 2.225055
436 4.121884 3.792413 2.020510
437 4.170180 4.439514 2.139800
438 4.394061 2.761754 3.725842
439 4.575833 2.324554 3.763566
440 4.464607 1.920732 4.232125
441 4.624255 2.465481 2.679152
442 4.709070 3.485067 2.626702
443 4.512577 2.581139 4.925681
444 4.444204 2.287617 5.476600
445 4.364859 2.278199 5.093768
446 4.389675 3.462441 3.938847
447 4.282238 3.050897 2.156692
448 4.269295 2.637481 3.692317
449 3.963479 2.307199 3.887817
450 4.011459 2.563120 3.701159
451 3.978373 3.173856 2.871452
452 4.171582 1.065079 5.981184
453 4.177760 2.463228 3.041621
454 4.373526 3.384304 3.816448
455 4.471790 3.043556 5.446886
456 4.488042 2.652215 5.376775
457 4.347840 3.936593 2.166801
458 4.148922 2.142105 2.751043
459 4.275422 2.724185 3.220693
460 4.258912 3.346886 2.117421
461 4.164307 3.637440 2.085125
462 4.210399 3.187872 2.360790
463 4.263413 2.565435 2.633596
464 4.491258 3.442307 2.955920
465 4.536385 4.368266 2.505123
466 4.487757 3.431422 4.570071
467 4.303507 2.739400 4.289714
468 4.313267 2.595073 5.640926
469 4.372333 2.989364 3.604090
470 4.283783 3.598781 3.399025
471 4.351274 3.182865 4.291471
472 4.228410 3.803170 2.054915
473 4.334167 4.154434 2.117920
474 4.489701 3.675917 2.393565
475 4.452178 4.126818 2.076399
476 4.445992 2.961360 4.456346
477 4.493749 3.232221 3.596435
478 4.352556 3.733814 2.746649
479 4.210356 3.798474 2.424831
480 4.200087 2.772982 4.573674
481 4.259759 2.714261 2.773688
482 4.318093 3.761834 2.368636
483 4.302345 3.268553 2.090508
484 4.407300 2.982276 3.569840
485 4.476112 2.534773 5.015268
486 4.512290 3.217902 5.388464
487 4.526720 3.741100 5.824036
488 4.376581 3.321303 5.677163
489 4.382693 3.509124 5.476666
490 4.430002 3.491749 5.930006
491 4.270533 3.261778 4.247801
491 2.275769 1.666342 4.280629
492 4.394063 4.247172 3.427148
492 2.194761 3.282937 3.974324
493 2.196736 3.239781 3.270357
493 4.357214 3.443791 3.864774
494 2.129010 2.304860 3.362394
494 4.256348 3.598641 3.686333
495 4.302143 3.340776 2.843817
495 2.014598 2.577708 2.521613
496 4.312560 4.086035 2.370825
497 4.338732 4.588886 2.034412
498 4.339108 3.461767 3.778190
499 4.242461 2.135438 5.941081
500 4.227155 3.777796 2.731313
501 4.070907 4.107796 2.332859
502 4.071880 3.265171 2.553777
503 4.132803 3.317889 3.733708
504 4.284473 3.876762 3.007890
505 4.240784 3.985450 2.090017
506 4.300752 4.893708 2.465418
507 4.208453 4.329798 3.236628
508 4.247795 3.908478 3.604871
509 4.264028 5.585913 2.429910
510 4.220337 3.868732 3.343393
511 4.305893 4.890450 2.502162
512 4.278211 5.137455 2.700715
513 4.180808 4.360243 2.216324
514 4.158064 5.020379 2.063502
515 4.023933 3.706610 2.655926
516 4.070176 2.835841 2.356150
517 4.025800 3.764663 2.169066
518 4.152959 3.208739 2.270651
519 4.238708 3.997303 2.148808
520 4.272457 4.389398 2.383436
521 4.373337 5.294301 2.694190
522 4.422568 4.275427 3.143839
523 4.485583 4.584415 2.128118
524 4.472210 4.788867 2.083700
525 4.101812 4.631230 2.004309
526 4.218522 4.965064 2.132161
527 4.278470 5.234560 2.421720
528 4.311542 3.607087 2.036397
529 4.443954 3.961981 2.036498
530 4.417551 3.737474 3.746944
531 4.403795 4.824381 2.219434
532 4.326679 5.445316 2.659702
533 4.269168 3.853273 4.929431
534 4.158288 4.420244 5.174904
535 4.195677 3.799440 5.046152
536 4.272798 4.288972 4.035412
537 4.094903 3.271080 5.308563
538 4.070341 4.294982 3.112776
539 4.101227 2.748456 5.194418
540 4.112114 3.382586 2.823175
541 4.143779 2.980379 4.100760
542 4.113959 2.166870 2.933011
543 3.954460 3.322744 2.791033
544 3.894345 2.837326 2.233217
545 3.733116 2.479713 2.176896
546 3.848381 2.838289 2.845530
547 3.814322 3.565021 2.072779
548 4.028695 2.045707 4.312278
549 4.046529 2.117257 4.427575
550 4.277207 2.847784 3.421287
551 4.369762 2.011904 5.289786
552 4.268313 3.302948 2.693742
553 4.503788 2.190728 3.152983
554 4.454831 2.049986 3.629795
555 4.531712 3.353708 2.228518
556 4.498964 2.040791 5.877002
557 4.411417 2.104697 3.212196
558 4.374102 2.727381 5.229907
559 4.222601 2.250660 2.881940
560 4.152303 1.968298 3.397367
561 4.036545 3.735100 2.806329
562 4.069620 2.297633 3.307254
563 4.165382 3.287545 2.190742
564 4.318761 3.385585 2.396701
565 4.382568 2.828527 5.425235
566 4.426299 3.487636 5.901598
567 4.362535 3.174959 5.767018
568 4.172000 2.638558 5.787583
569 4.232942 1.809393 5.547813
570 4.208174 2.196375 5.413802
571 4.245266 3.034264 2.848215
572 3.898040 3.047094 3.963590
573 3.997898 2.910851 5.086509
574 4.060144 2.544722 5.703394
575 4.056629 3.107362 5.156823
576 4.147793 3.362197 3.706991
577 4.127641 3.060453 4.051267
578 4.056942 4.437729 5.108398
579 4.135247 4.103476 4.049170
580 4.179709 3.154193 5.945388
581 4.229322 3.084301 4.816706
582 4.193864 3.847220 3.273906
583 4.288876 3.091930 2.606900
584 4.557889 2.332628 2.674736
585 4.697096 2.086299 4.517785
592 4.040541 2.637548 4.650365
593 3.992955 2.796056 4.672557
594 4.139868 3.470643 5.310764
595 4.256060 3.170974 4.416906
596 4.329247 3.161808 3.603026
597 4.263305 3.707884 3.282429
598 4.182652 5.354774 2.121851
599 4.243787 4.680432 4.496344
600 4.287029 4.023966 2.740263
601 4.370940 4.550198 2.371574
602 4.377817 4.294688 2.341864
603 4.229059 4.993424 3.384308
604 4.084889 3.656881 4.333158
605 4.150519 3.186762 4.073709
606 4.056666 1.799795 4.632537
607 4.000988 2.429319 5.907457
608 4.105141 2.520358 2.157568
609 4.080994 2.155839 3.247684
610 4.057952 2.402089 4.352914
611 3.961335 2.584794 3.015555
612 4.018312 2.543330 5.599279
613 4.003818 2.732563 2.721473
614 3.974415 3.018160 2.153463
615 3.961193 1.398295 5.458220
616 3.943677 2.862212 2.700051
617 3.976936 3.329986 2.310576
618 4.137158 2.225137 3.836847
623 4.158053 2.456445 3.671616
624 4.172549 1.874083 5.974789
625 4.154538 1.707171 5.262356
626 4.061654 2.370912 5.876834
627 4.110106 2.693266 3.284581
628 4.058336 2.231283 2.526394
674 1.732183 2.342012 3.946772
675 1.720167 1.605358 5.181523
676 1.595177 3.389617 2.962787
677 1.803573 3.835890 2.105157
678 1.963575 3.205770 2.280303
679 1.949534 3.809449 2.040658
680 2.285103 3.367874 2.295122
681 2.313897 2.037829 4.449305
682 2.335158 3.664487 2.119092
683 2.466493 2.939293 2.450039
684 2.534096 2.112256 5.311564
685 2.338272 2.738298 4.512704
686 2.294810 2.398904 2.158297
687 2.301656 2.041177 4.274083
688 2.347531 2.113745 2.592733
689 2.512372 2.584431 2.079577
690 2.372621 2.504509 2.261856
691 2.555924 2.426585 4.464060
692 2.345443 3.307081 2.209643
693 2.307254 3.229691 2.285648
694 2.386834 1.771835 4.801517
695 2.424179 2.988014 2.862528
696 2.363725 2.319951 3.626846
697 2.229265 3.363803 3.862098
698 2.414563 3.907316 2.338792
699 2.487425 2.060736 2.092737
700 2.538180 4.115435 2.146774
701 2.450112 2.602660 3.203817
702 2.287259 3.137628 3.736833
703 2.244538 3.193436 2.142269
719 1.833063 2.881727 2.529425
720 1.772805 2.881633 2.574486
721 1.907028 2.890381 2.357083
722 1.779110 3.232701 4.157658
723 1.749893 3.526208 2.035494
724 1.774754 1.981274 4.620431
725 1.841393 1.824668 2.510620
731 2.548843 3.100792 5.322013
732 2.511898 3.588988 3.459969
733 2.510101 4.293670 2.913551
734 2.423462 4.103338 3.153427
735 2.385270 4.142575 2.307080
736 2.154803 3.122397 2.687192
737 2.196399 4.175634 2.058689
738 2.241378 3.326840 2.288273
739 2.282138 2.589727 2.319353
740 2.275197 3.098222 2.019352
741 2.382194 2.671769 4.895439
742 2.348853 2.946461 2.201681
743 2.361129 2.876015 2.411817
751 2.500925 2.591989 2.422102
752 2.501086 3.013686 2.002099
753 2.615846 3.949683 2.011804
754 2.458908 2.194349 2.285992
755 2.279522 3.654436 2.334742
756 2.456322 3.075159 2.087008
757 2.415540 4.832407 2.113464
758 2.091729 3.000769 2.883421
759 1.988476 4.476181 2.444847
760 1.920137 2.855514 4.254297
761 1.754963 3.286413 5.197980
762 1.793626 3.546634 2.691822
763 1.778676 3.321307 4.741379
764 1.818429 4.276269 2.080393
765 1.819265 5.017933 2.103221
766 2.140984 4.162633 2.466329
767 2.060036 2.731934 3.079664
768 2.505356 2.317368 5.036792
769 2.326657 2.833179 2.130356
770 2.272642 3.096244 2.961103
771 2.255350 1.919477 4.451780
772 2.339445 2.130311 4.796198
773 2.375304 1.988877 5.418502
774 2.353547 3.025598 2.005050
775 2.414094 2.328579 2.303826
776 2.300808 2.936858 2.494961
777 2.364760 2.466151 2.840609
778 2.241011 2.730752 2.782431
779 2.193731 2.426123 2.828807
780 2.365844 2.203098 2.078644
781 2.363698 2.427707 3.623060
782 2.331718 2.299943 2.727046
783 2.229899 1.953820 4.833338
798 2.392560 3.041747 5.909557
799 2.465205 2.610601 4.472711
800 2.445180 2.936351 2.904078
801 2.384186 3.066501 2.407646
802 2.331322 4.638169 2.145066
803 2.467459 2.669596 3.503635
804 2.409444 3.847424 2.040515
805 2.071214 2.631888 2.697225
806 2.128738 3.086876 2.001539
807 2.227636 2.902409 2.465669
808 2.446604 2.729335 3.788404
809 2.554642 2.119148 4.192967
810 2.395775 1.443389 2.141097
811 2.512814 1.916169 5.710907
812 2.423497 3.488861 2.008573
813 2.678475 3.055952 2.180605
814 2.801850 3.375822 2.111082
815 2.584750 3.635383 2.577824
816 2.701254 2.429272 2.641028
817 2.657326 2.386657 4.500596
818 2.673675 1.989124 4.176123
819 2.657474 2.157043 3.231241
820 2.576319 1.883037 5.489798
821 2.518816 2.220076 2.390295
822 2.536997 2.414758 4.552669
823 2.430236 1.540418 5.227761
831 2.046236 2.202306 2.736069
832 1.998598 2.611691 2.839014
833 2.150129 3.755665 2.921596
834 2.341946 2.026520 5.440728
835 2.364702 2.200690 3.239460
836 2.402617 3.089477 4.757341
837 2.433740 3.713767 2.849141
838 2.463651 2.319215 3.961674
839 2.439385 2.637715 5.388183
840 2.536764 3.856235 2.232568
841 2.490630 2.734516 4.818710
842 2.706243 2.808308 5.931547
843 2.743622 2.226363 5.275956
844 2.702363 2.551806 5.380288
845 2.655460 3.862011 2.135440
846 2.550175 2.941701 2.387690
847 2.629355 2.931157 5.350695
848 2.460932 3.619720 2.450646
849 2.391978 3.227208 4.529491
850 2.433755 2.211498 4.867458
851 2.401077 3.374107 5.731588
852 2.404213 2.960627 5.938926
853 2.381661 2.833254 5.790436
854 2.342496 2.902177 5.947689
855 2.268062 2.997051 2.958117
856 2.255275 3.152017 5.721943
857 2.217093 3.427883 5.485447
858 2.307764 3.074802 4.259517
859 2.337199 2.845663 5.541370
860 2.376726 3.056146 5.253202
863 3.369543 2.901087 3.513042
864 3.296844 3.305624 2.553800
865 3.446731 3.526723 2.489098
866 3.435365 3.303369 3.462358
867 3.203596 4.237894 2.219831
868 3.237900 3.232658 2.248474
869 2.447622 4.086182 2.052552
870 2.493903 2.168423 2.977893
871 2.251820 1.910386 2.912904
872 2.370292 1.551820 4.614234
873 2.286058 2.938085 2.150763
875 2.293558 3.137505 2.311380
876 2.365423 1.998642 4.900638
877 2.461369 2.027555 5.993047
878 2.445134 2.476660 2.281808
879 2.583955 1.674180 4.338383
880 2.475074 1.897745 4.379323
881 2.521915 2.234472 3.964150
882 2.577745 1.736925 3.484911
883 2.548679 1.961192 5.906270
891 3.854336 1.860247 2.466774
892 4.066792 2.493547 3.028969
894 2.850466 3.020151 2.242761
895 2.720589 2.321171 3.972901
896 2.718073 2.387265 5.176379
897 2.734611 3.044227 2.615596
898 2.645248 2.335180 3.032435
899 2.493624 2.237015 4.759937
900 2.478490 3.414224 3.804345
901 2.388455 2.225793 4.791264
902 2.393328 2.766416 3.941961
903 2.246248 2.061054 4.242338
904 2.700234 3.170468 2.011968
905 2.939648 3.150955 2.180376
906 3.000770 2.802673 2.272602
907 3.032102 3.001404 2.520318
908 3.502260 3.042160 2.299512
909 3.556992 3.390252 2.036740
910 3.506103 2.840629 3.003400
911 3.548886 2.971623 3.225836
912 3.615294 2.206022 5.473492
921 2.557190 2.705949 2.621711
922 2.500695 2.797582 2.218915
923 2.653671 2.687478 2.144850
924 2.676377 3.271798 2.255160
925 2.881984 3.669727 2.103254
926 2.808638 3.438154 2.743946
927 3.100231 4.631837 2.030541
928 3.360950 4.228406 2.262150
929 3.245741 3.889718 2.688478
930 3.344001 3.521739 2.006207
931 3.412241 3.597208 4.786717
932 3.456528 3.264825 4.110929
933 3.381369 2.546017 4.835512
934 3.635720 2.722923 5.120768
935 3.643408 2.741585 4.726911
936 3.491027 3.956368 2.847263
937 3.405140 2.487136 2.285577
938 3.430837 3.134635 4.495117
939 3.378461 3.541516 3.816432
940 3.348215 4.562792 2.751751
941 3.377580 3.205644 2.610807
942 3.426976 2.394561 5.612004
943 3.474320 3.165481 2.740947
944 3.418321 2.247968 5.685993
945 3.379720 2.305589 4.640266
946 3.237255 3.166524 2.826161
947 3.233130 3.417318 2.927850
948 3.090274 3.357099 2.310953
949 3.198056 3.443381 2.744055
950 3.339701 4.433683 2.579398
951 3.255455 3.256830 2.481942
952 3.611110 2.990607 2.386407
953 3.584130 3.321674 2.536746
954 3.667064 2.138532 5.898846
955 3.554281 2.426478 5.773403
956 3.757833 2.028385 3.750853
957 3.643298 1.900302 5.226970
958 3.612902 2.200165 5.746858
959 3.560816 2.207911 5.853364
960 3.425369 2.684598 5.367679
961 3.482311 3.196783 3.352681
962 3.456215 3.895585 5.632098
963 3.527595 4.715977 5.769631
964 3.429834 4.075711 5.543264
965 3.449532 3.143393 5.341700
966 3.352091 3.451339 5.220924
967 3.386503 3.222843 5.766813
968 3.451399 2.606137 5.916814
969 3.562568 1.720464 5.387505
970 3.549409 3.267144 4.003773
971 3.572441 3.193359 5.287459
972 3.570175 3.783595 4.446965
973 3.514453 3.056067 5.962682
974 3.448465 3.316479 4.813764
975 3.385846 3.529205 5.628240
976 3.457968 4.220410 5.165689
977 3.492078 3.774381 3.864648
978 3.553650 4.690205 3.275539
979 3.572129 3.854581 2.942230
980 3.657569 3.908861 2.636862
981 3.768033 2.569171 5.953176
982 3.663987 4.315024 3.993338
983 3.580310 3.069354 5.360156
984 3.610092 2.530215 5.121484
985 3.540180 3.398735 3.593644
986 3.496142 2.975513 5.759407
987 3.432540 3.375241 3.126021
988 3.627709 4.274562 3.026246
989 3.358823 3.154211 4.171028
990 3.478482 4.280293 5.408383
991 3.429637 3.225176 5.646183
992 3.443827 3.536071 5.757984
993 3.459121 3.920110 5.723051
994 3.472000 3.545738 5.316599
995 3.503260 4.126937 4.040595
996 3.461517 3.779105 4.152809
997 3.455478 5.574209 5.781366
998 3.449149 5.013807 5.373162
999 3.496624 4.379092 5.693589
1000 3.450604 4.116475 5.854314
1001 3.521300 4.023119 2.681449
1002 3.349687 4.911649 4.392812
1003 3.503535 5.137557 4.916720
1004 3.616234 2.880231 5.991681
1005 3.547670 3.351890 4.404555
1006 3.525933 3.746771 4.583375
1007 3.520997 3.264389 4.938100
1008 3.523252 3.256310 4.701989
1009 3.525472 3.382152 4.738443
1010 3.575808 3.113253 5.126793
1011 3.443336 3.843278 3.295719
1012 3.318148 4.499884 2.756010
1013 3.259775 4.070006 2.600429
1014 3.255270 4.009732 2.117685
1015 3.160442 3.506688 2.371252
1016 3.166977 2.816767 2.512974
1017 3.173343 2.354606 3.018191
1018 3.082967 3.177144 2.455667
1019 3.409927 3.192975 4.617701
1020 3.457063 2.687460 5.998586
1021 3.443236 2.484230 4.788303
1022 3.342162 2.942581 2.925351
1023 3.386971 3.371225 2.604885
1024 3.364058 2.484879 3.711435
1025 3.369064 2.946072 3.093679
1026 3.546068 2.810978 4.265909
1027 3.440019 3.306549 4.798357
1028 3.355209 2.995188 5.791608
1029 3.516527 3.463260 4.852369
1030 3.609898 2.725310 4.665047
1031 3.453733 4.241419 5.050278
1032 3.432267 4.137374 5.971498
1033 3.512534 3.499623 5.825348
1034 3.478410 2.819534 5.617354
1035 3.541283 2.771364 5.978241
1036 3.486054 4.139945 5.037242
1037 3.455394 3.991268 5.882290
1038 3.644078 2.848992 4.415757
1039 3.415970 2.865534 5.069951
1040 3.384081 4.478204 4.596468
1041 3.386101 3.635337 4.785698
1042 3.548259 3.890448 2.421930
1043 3.433565 3.096280 3.988237
1044 3.544283 2.984885 4.929515
1045 3.431248 3.441267 2.314653
1046 3.264147 2.844627 2.763715
1047 3.493264 2.249698 5.486532
1048 3.565318 2.864691 4.154071
1049 3.538908 2.537223 4.168145
1050 3.429444 2.572748 4.571909
1051 3.603238 2.716088 2.839010
1052 3.553858 2.223623 4.586394
1053 3.581386 3.789061 2.951360
1054 3.485133 2.743657 4.597967
1055 3.536516 3.300126 3.731604
1056 3.544071 3.512410 5.584508
1057 3.569629 3.467000 3.399639
1058 3.536119 3.034607 5.722530
1059 3.456931 2.766901 4.844661
1060 3.535099 3.171462 3.953014
1061 3.508134 3.658430 3.541348
1062 3.487071 3.452528 2.077195
1063 3.537213 4.019667 2.860597
1064 3.542963 2.802540 5.261609
1065 3.586214 3.433696 2.231067
1066 3.602633 3.158577 5.887770
1067 3.607247 4.274058 2.729433
1068 3.702428 3.756767 2.709779
1069 3.726630 5.033234 2.083076
1070 3.651889 3.856106 2.252754
1071 3.727271 4.038157 2.706447
1072 3.739615 3.550168 4.832343
1073 3.687444 4.674269 3.139884
1074 3.659505 3.596686 5.552534
1075 3.787638 3.120054 4.974896
1076 3.808240 3.251881 5.074832
1077 3.637403 2.850808 2.233132
1078 3.725169 2.964485 4.928391
1079 3.808039 2.302493 5.685722
1080 3.824856 2.100028 5.875339
1081 3.854032 2.655981 4.103843
1082 3.759233 2.630579 5.936916
1083 3.930888 3.190762 2.931480
1084 3.881027 3.081028 5.813560
1085 3.902304 2.874765 4.510876
1086 3.726108 2.351662 4.832551
1087 3.595727 3.775650 3.512252
1088 3.636514 3.094061 5.415249
1089 3.483472 2.100579 5.996870
1090 3.511423 2.565552 5.312463
1091 3.506040 2.551195 5.253438
1092 3.613782 2.936008 2.341472
1093 3.460424 2.705817 3.372194
1094 3.534130 1.882551 2.412494
1095 3.671417 2.669814 2.048282
1096 3.816590 2.553203 3.437737
1097 3.742022 3.456678 3.898299
1098 3.715053 3.308373 5.384034
1099 3.623987 2.765288 5.280010
1100 3.604164 2.636407 4.580483
1101 3.652330 3.117696 4.276204
1102 3.478024 2.673240 5.086662
1103 3.438244 2.434475 4.923237
1104 3.418206 2.478344 3.545455
1105 3.388323 2.699932 5.381419
1106 3.521995 3.037140 5.609132
1107 3.470433 2.047911 4.991360
1108 3.465619 2.035178 4.486436
1109 3.569524 3.122280 4.748929
1110 3.719642 2.665642 4.463216
1111 3.667261 2.211425 5.198908
1112 3.598702 2.037598 2.872454
1113 3.798708 1.725915 4.045809
1114 3.563056 2.171288 4.291543
1115 3.580252 2.989891 2.070438
1116 3.583893 2.364477 4.671850
1117 3.486458 2.145596 5.103338
1118 3.509162 2.143496 4.784479
1119 3.474716 2.344674 3.151568
1120 3.514332 1.705120 3.958604
1121 3.598060 2.828477 4.751840
1122 3.657398 2.266842 2.904440
1123 3.692003 1.740541 5.800193
1124 3.640361 2.354468 4.293750
1125 3.625232 3.014869 4.982947
1126 3.579461 2.296108 4.855482
1127 3.614390 3.170240 5.968935
1128 3.649036 2.724826 5.915063
1129 3.701329 2.259951 5.485719
1130 3.578998 2.733690 5.566186
1131 3.570411 2.714220 5.552882
1132 3.478325 2.393676 5.333322
1133 3.466151 2.721741 4.918519
1134 3.408129 2.285709 4.032437
1135 3.477616 3.003588 5.403738
1136 3.467678 3.895394 4.743447
1137 3.541438 4.654521 4.692121
1138 3.512876 3.443637 5.926058
1139 3.546970 4.340231 5.990400
1140 3.515737 4.215208 5.773476
1141 3.552388 3.903617 5.787166
1142 3.519776 5.254285 5.815439
1143 3.619130 5.117966 4.347762
1144 3.623626 5.081263 5.578235
1145 3.612439 5.575560 3.787732
1146 3.718122 4.704167 5.009519
1147 3.681414 5.677261 3.730131
1148 3.682718 4.319483 3.239495
1149 3.518711 3.577625 5.727679
1150 3.567203 4.184623 4.294049
1151 3.669411 4.039075 5.906266
1152 3.576509 3.823203 5.059529
1153 3.536546 2.344598 4.662204
1154 3.544807 3.107154 5.847927
1155 3.578518 2.584386 5.085177
1156 3.735241 2.549466 4.427953
1157 3.658723 2.010970 5.677716
1158 3.476466 2.831024 5.040696
1159 3.539849 2.607948 5.281747
1160 3.529699 3.064914 5.930682
1161 3.562953 2.918882 5.844508
1162 3.522692 2.969872 5.974199
1163 3.479540 3.255012 5.165535
1164 3.537350 3.340511 5.600620
1165 3.610533 2.693582 4.619326
1166 3.658844 1.928451 4.780367
1167 3.709571 2.499212 5.326902
1168 3.737758 2.698624 5.631013
1169 3.683067 2.692695 5.276817
1170 3.729953 2.652907 5.928051
1171 3.666034 3.062638 3.874285
1172 3.706258 3.227568 4.730428
1173 3.560743 3.520508 2.449163
1174 3.689502 3.924924 3.278138
1175 3.697989 3.250758 4.930281
1176 3.568775 3.670120 3.921075
1177 3.515743 2.345226 5.243644
1178 3.607930 2.994785 4.772139
1179 3.712446 3.333623 5.523212
1180 3.647381 2.443303 4.370305
1181 3.665278 3.325666 4.840828
1182 3.656562 3.187958 4.958413
1183 3.517594 2.966690 3.689938
1184 3.532117 3.615705 5.538435
1185 3.510552 3.950811 5.786438
1186 3.518675 3.877698 4.237260
1187 3.501919 3.810463 5.150253
1188 3.593072 4.606352 3.271911
1189 3.477636 3.759724 4.658128
1190 3.416498 3.679049 5.571317
1191 3.514521 3.227562 5.073295
1192 3.561175 2.420300 5.291606
1193 3.424730 2.948982 4.446453
1194 3.310746 2.893900 5.216678
1195 3.398362 2.926651 4.983528
1196 3.277618 3.038891 5.898817
1197 3.378566 2.804475 5.720640
1198 3.375754 2.662407 5.967546
1199 3.257444 2.444839 5.882862
1200 3.291768 2.363586 4.854159
1201 3.213333 2.581249 2.500000
1214 3.056655 2.116110 3.456918
1215 3.142483 2.150788 2.964430
1216 3.148898 2.505042 4.317184
1217 3.381203 1.204015 4.196433
1218 3.373978 2.425005 5.219135
1219 3.500841 3.079869 3.381659
1220 3.443633 3.186249 2.376294
1221 3.557934 2.646459 2.418163
1222 3.494328 2.382397 2.745179
1223 3.485618 2.963258 2.999596
1224 3.538632 2.324741 2.473099
1225 3.618770 2.041539 3.751487
1309 4.155212 2.286129 2.265468
1310 4.184693 1.826782 2.952958
1311 4.219674 2.848460 3.958930
1312 4.253340 2.836359 3.588920
1313 4.598603 3.630506 2.011446
1314 4.901750 4.016775 2.068620
1315 4.880600 2.009084 2.438395
1316 4.779119 2.961186 2.156941
1317 4.822449 3.195980 2.106651
1318 4.981471 2.241288 2.222653
1511 3.642633 2.780695 2.654731
1512 3.654732 2.413057 2.437975
1513 3.395627 2.928935 2.621545
1514 3.387290 1.825796 3.997445
1515 3.415315 0.909685 2.104784
1681 3.508373 1.551115 5.004180
1682 3.529244 2.604715 3.299768
1683 3.690985 1.889412 5.429054
1684 3.693904 1.973631 2.615490
1685 3.609296 2.374330 4.595658
1686 3.651826 3.766769 2.953896
1687 3.590384 2.131281 5.038504
1722 3.801824 3.086141 2.068822
1723 3.858326 3.041879 3.117079
1724 3.800783 3.172535 4.500873
1725 3.645509 3.181600 3.125750
1726 3.831235 4.199360 2.109262
1727 3.832844 4.061784 2.014457
1728 3.802808 3.315753 2.796879
1729 3.567405 3.133941 2.691808
1730 3.560904 2.354488 4.543645
1731 3.365352 3.028920 4.719483
1732 3.498919 2.636733 5.578930
1733 3.522341 2.574562 2.457958
1734 3.558176 2.761270 2.757425
1735 3.689140 1.901673 5.776000
1736 3.580060 1.813227 4.757650
1737 3.560104 1.770636 5.387269
1738 3.615337 2.261391 5.552743
1739 3.673047 2.186040 3.255420
1740 3.629055 2.964629 5.803146
1741 3.549593 1.891449 3.785974
1742 3.529283 2.237290 5.746575
1743 3.498567 2.321639 4.306272
1744 3.407226 2.730518 3.963814
1745 3.345622 2.297841 5.564746
1746 3.319817 1.854361 5.035158
1747 3.360702 2.395290 5.452775
1748 3.428198 2.844393 2.947201
1749 3.329037 1.911460 5.976445
1750 3.516975 2.374185 3.581807
1751 3.552827 2.931127 4.008794
1752 3.805708 4.543016 3.261120
1753 3.755478 3.685686 4.627687
1754 3.727437 3.588480 5.940970
1755 3.631595 3.646703 5.018278
1756 3.611416 4.376000 4.672771
1757 3.741383 4.714646 2.187923
1758 3.661108 3.704807 3.827911
1759 3.613531 3.863246 2.367490
1760 3.574130 3.717409 2.255453
1761 3.460932 2.967262 3.345915
1762 3.332080 2.776308 5.503043
1763 3.318436 3.211134 3.194039
1764 3.299163 2.228790 5.538156
1765 3.275666 2.851434 2.472886
1766 3.531123 2.971620 4.519695
1767 3.457885 2.806580 4.748097
1768 3.417946 3.665981 4.377348
1769 3.478798 4.002856 2.110224
1770 3.571856 2.394889 5.992077
1771 3.587587 2.391407 2.780881
1772 3.658680 2.967474 3.978623
1773 3.836245 3.398916 2.053635
1774 3.894293 2.027601 3.075681
1784 3.989147 2.213419 3.011480
1785 4.073909 2.659999 2.650500
1786 3.902050 2.323253 3.234817
1787 3.830569 2.751073 3.431023
1788 3.819336 3.758454 2.195964
1789 3.776258 4.074508 2.072870
1790 3.766600 4.294687 2.209618
1791 3.819319 3.766473 2.260011
1792 3.813531 3.328704 2.512548
1793 3.764786 2.841270 2.038518
1794 3.756891 3.384540 2.338683
1822 3.828193 2.518195 2.033483
1823 3.744893 2.446170 5.285327
1824 3.617756 2.979527 2.018401
1825 3.762485 3.392732 2.123167
1826 3.774763 3.075470 2.666887
1827 3.740833 3.241001 2.670646
1845 3.456992 2.678275 2.235563
1846 3.302200 2.458536 2.310001
1847 3.120860 2.714217 3.944253
1848 3.281437 2.314054 4.183499
1930 1.251146 3.799113 2.748239
1931 1.239447 2.479097 3.857005
1932 1.219145 2.592963 2.503822
2142 3.286738 2.237027 3.100941
2143 3.579914 2.485926 2.110691
2144 3.594618 3.608883 2.495885
2145 3.445470 3.171310 2.406051
2146 3.565364 3.465010 3.789864
2147 3.667095 4.123137 2.014508
2148 3.526430 4.345471 2.321930
2149 3.686774 3.849723 2.008165
2150 3.578725 4.094739 2.848035
2151 3.675134 4.478768 2.509058
2152 3.699016 4.298795 2.194036
2153 3.601912 2.438802 4.699524
2154 3.567231 4.211327 4.726227
2155 3.632771 4.854750 2.861352
2156 3.499616 4.139095 4.454140
2157 3.444528 3.500839 3.401914
2158 3.514558 4.160408 2.635368
2159 3.683275 3.830285 3.811811
2160 3.698970 4.486540 2.456791
2161 3.634047 4.318300 2.838099
2162 3.620915 4.431790 2.091441
2163 3.616704 4.621514 2.548089
2164 3.533208 5.089180 2.377258
2165 3.497427 4.842711 4.103567
2166 3.492991 4.673165 5.157843
2167 3.546214 4.697924 3.939805
2168 3.552803 5.504213 5.352736
2169 3.582739 5.922490 4.832347
2170 3.662129 4.789262 5.966128
2171 3.494530 6.112705 4.507184
2172 3.461739 5.487239 4.901844
2173 3.533364 6.920474 2.127282
2174 3.609123 5.072122 3.584898
2175 3.531776 6.238525 2.893474
2176 3.452801 6.320448 2.759154
2177 3.465193 6.154898 2.542541
2178 3.640619 3.511861 5.505237
2179 3.643912 5.116227 3.968892
2180 3.651893 5.384720 3.288962
2181 3.541330 6.053925 2.301237
2182 3.536154 5.242412 2.761004
2183 3.366037 6.248131 2.125102
2184 3.312295 5.947220 2.125913
2185 3.239059 6.516599 2.160061
2186 3.299956 5.711647 2.081120
2187 3.378589 6.008411 3.701321
2188 3.364972 6.020554 5.448332
2189 3.453485 6.515570 4.918171
2190 3.404784 5.415857 5.811548
2191 3.497408 6.171657 4.680817
2192 3.483769 6.327585 3.772173
2193 3.599015 6.917754 3.924711
2194 3.590425 7.183709 2.917627
2195 3.657311 6.115375 4.009130
2196 3.569633 4.841003 5.383499
2197 3.479207 5.034151 5.824532
2198 3.458031 6.382606 3.954245
2199 3.452515 4.835456 5.898461
2200 3.509996 5.453853 3.563954
2201 3.516872 5.180814 5.707171
2202 3.520044 7.071556 2.026624
2203 3.366897 6.500132 2.396664
2204 3.362814 6.901025 2.206815
2205 3.465763 5.746088 3.655119
2206 3.408875 6.442215 2.986083
2207 3.428014 5.884809 2.318140
2208 3.581568 4.824769 2.798758
2209 3.411050 6.548424 2.141669
2210 3.410020 6.612213 2.407946
2211 3.527000 6.527257 2.010509
2212 3.614156 7.909977 2.005211
2213 3.758564 8.176385 2.520611
2214 3.733664 7.915673 3.148220
2215 3.668104 6.955600 2.935234
2216 3.677594 7.479539 2.254865
2217 3.710713 7.375376 3.557044
2218 3.629197 6.945773 3.593757
2219 3.646651 6.485369 4.292109
2220 3.533617 5.450757 4.180307
2221 3.554051 5.491042 5.045656
2222 3.521339 5.996804 4.223863
2223 3.474055 6.528308 5.026181
2224 3.578978 6.535129 5.367439
2225 3.526131 7.434315 3.177429
2226 3.512900 5.496292 3.820823
2227 3.540779 6.156754 3.084291
2228 3.550011 7.082023 2.767661
2229 3.668147 4.661264 4.452173
2230 3.621563 4.087101 2.470280
2231 3.625401 3.987085 4.732775
2232 3.670829 5.673555 3.084524
2233 3.635083 4.354483 2.855831
2234 3.619837 4.458247 3.558806
2235 3.461800 4.008459 4.504873
2236 3.390567 4.494783 5.861364
2237 3.458743 6.199090 4.965155
2238 3.429403 5.361062 4.693071
2239 3.464923 4.746818 5.505531
2240 3.501424 5.553573 4.915903
2241 3.496840 5.338603 5.546939
2242 3.507482 5.720415 4.954497
2243 3.537134 6.371659 5.697209
2244 3.430051 6.968575 3.032872
2245 3.480721 6.602596 4.454544
2246 3.444937 5.765588 5.543841
2247 3.460882 6.231362 4.799983
2248 3.401509 6.708063 5.344095
2249 3.430991 6.149900 4.981461
2250 3.445893 4.778604 5.993417
2251 3.456443 5.427307 4.136685
2252 3.318376 5.267346 4.640518
2253 3.394427 5.377381 5.510611
2254 3.373623 5.307391 5.712325
2255 3.359186 5.087078 3.726895
2256 3.418950 4.943087 4.574925
2257 3.353429 4.944847 4.658722
2258 3.427980 4.370400 5.368407
2259 3.429943 4.900211 4.882302
2260 3.418967 4.463069 5.706075
2261 3.459281 4.306666 5.629488
2262 3.579144 4.644498 5.145397
2263 3.617958 5.431871 5.574956
2264 3.533456 7.130274 3.076640
2265 3.583119 5.485256 5.642071
2266 3.709240 6.292728 3.349063
2267 3.729541 5.990242 4.080355
2268 3.609338 5.764018 2.783455
2269 3.373359 6.240790 2.589537
2270 3.212759 4.247055 5.977817
2271 3.225303 5.699451 5.803327
2272 3.279197 5.275543 5.721888
2273 3.284383 5.041948 5.366741
2274 3.320197 5.786223 4.855959
2275 3.340880 6.524243 5.177212
2276 3.408513 6.004664 4.240689
2277 3.426202 7.094010 5.785714
2278 3.438183 7.689222 4.477811
2279 3.475259 6.742254 5.791594
2280 3.515238 6.961527 4.983817
2281 3.509370 7.885049 3.904786
2282 3.515020 7.273208 3.271042
2283 3.463113 6.889616 5.760044
2284 3.524182 5.213437 5.910485
2285 3.544916 5.267371 4.716128
2286 3.549639 5.023930 5.996594
2287 3.541705 4.284913 5.643633
2288 3.528370 4.060675 5.544769
2289 3.533483 4.526237 5.514264
2290 3.463212 4.132918 5.844166
2291 3.441376 4.350207 5.149339
2292 3.394916 5.070272 4.808708
2293 3.367435 4.773366 5.858537
2294 3.309022 6.444858 2.871904
2295 3.430045 5.756479 4.937142
2296 3.396223 6.857090 2.441182
2297 3.450581 5.528203 5.013187
2298 3.423326 5.040538 3.737874
2299 3.439462 5.576684 5.649830
2300 3.506617 6.366082 4.142293
2301 3.582070 5.505847 5.172934
2302 3.515679 5.773951 4.190989
2303 3.562145 5.590116 5.742612
2304 3.556810 5.066654 5.915132
2305 3.453114 5.216907 5.839215
2306 3.446410 4.908878 5.780136
2307 3.458268 4.376645 5.109250
2308 3.366273 4.880424 5.607794
2309 3.335736 4.464564 5.948335
2310 3.379686 4.336514 5.891845
2311 3.333573 4.717073 5.963078
2312 3.373817 4.885874 5.877982
2313 3.328104 5.557147 5.665739
2314 3.388065 5.854982 3.894265
2315 3.335089 6.013940 4.307234
2316 3.390943 5.984222 4.517649
2317 3.230428 5.664399 4.247973
2318 3.224695 6.292827 4.830666
2319 3.332276 6.886997 2.687460
2320 3.435522 6.255135 3.152512
2321 3.302663 5.568122 5.193639
2322 3.379765 5.855457 5.998863
2323 3.448016 6.742641 4.506185
2324 3.460649 6.944597 5.793705
2325 3.546071 6.556460 5.925276
2326 3.471171 6.918287 5.487251
2327 3.485997 7.210259 4.903342
2328 3.475018 7.335209 5.854043
2329 3.392877 7.032323 4.893325
2330 3.325392 6.876710 5.900529
2331 3.357949 6.787275 3.894592
2332 3.375511 7.513605 3.806575
2333 3.311174 6.361610 3.639082
2334 3.294420 5.712863 4.494542
2335 3.383357 6.652359 3.581019
2336 3.352945 6.484036 3.340104
2337 3.501089 6.043257 4.958545
2338 3.582944 6.413841 2.925304
2339 3.486761 6.743648 2.639799
2340 3.593473 5.747309 5.610819
2341 3.595650 5.944865 5.918857
2342 3.630369 6.221425 2.541521
2343 3.614197 4.349925 5.453029
2344 3.559978 5.999978 2.961528
2345 3.355356 6.557110 2.619511
2346 3.372253 5.248886 4.753934
2347 3.413315 6.336013 4.055528
2348 3.464879 4.883264 5.631356
2349 3.330728 5.298001 5.905882
2350 3.377493 5.305236 3.411173
2351 3.374402 4.401660 5.408281
2352 3.447156 4.372867 5.920861
2353 3.369209 4.354601 4.791020
2354 3.380473 6.471282 2.905337
2355 3.348612 6.197075 5.490498
2356 3.352804 7.604833 5.106870
2357 3.422871 7.159326 5.978373
2358 3.382474 6.689980 5.387709
2359 3.368158 6.990059 5.739961
2360 3.449712 6.374702 5.785088
2361 3.444461 6.387840 5.935926
2362 3.459159 5.932719 5.947655
2363 3.527747 5.373991 5.826502
2364 3.560361 4.822566 5.132857
2365 3.547754 4.005500 5.968900
2366 3.562439 5.526113 5.079736
2367 3.619786 4.714851 4.878291
2368 3.578028 3.871348 4.744538
2369 3.524803 4.953994 3.699840
2370 3.526071 5.221663 4.553575
2371 3.512778 4.923229 5.916528
2372 3.480316 5.513221 5.861569
2373 3.468950 5.216176 4.086438
2374 3.475218 4.599879 5.853502
2375 3.430592 4.499685 5.410543
2376 3.367403 4.747602 5.008749
2377 3.396198 4.429786 5.587193
2378 3.532202 5.529065 5.781559
2379 3.519663 5.654389 4.415609
2380 3.455930 5.350264 5.062185
2381 3.453400 5.417329 5.787099
2382 3.523068 6.142610 5.122433
2383 3.554545 6.551985 2.648166
2384 3.591265 8.309165 2.481404
2385 3.567603 7.201978 3.069219
2386 3.452844 6.447834 2.907047
2387 3.535950 5.843133 3.662309
2388 3.657248 6.813558 2.223998
2389 3.742783 5.390723 2.522998
2390 3.943124 5.150124 2.199777
2391 4.021176 4.006205 3.682108
2392 4.096600 4.936467 3.943043
2393 4.116197 4.832151 3.876721
2394 4.122202 5.591353 2.598806
2395 4.184613 6.037229 2.280646
2396 4.075181 4.707097 3.381152
2397 3.978019 5.944569 2.029345
2398 3.958872 5.561729 2.377927
2399 3.990403 4.741350 3.123004
2400 3.982150 5.064295 2.144855
2401 4.026146 5.913768 2.125670
2402 4.017737 6.159889 2.513446
2403 4.193230 6.176182 2.083721
2404 4.073966 6.320839 2.058971
2405 4.151701 5.241776 2.762466
2406 4.359931 5.079110 2.082516
2407 4.214682 4.290313 2.105577
2408 4.317865 4.213038 2.697514
2409 4.229412 4.120056 2.241316
2410 4.163019 4.112639 3.127727
2411 4.192849 4.136287 2.307188
2412 4.321009 5.339690 2.000049
2413 4.327818 4.275192 2.135500
2414 4.340608 5.136335 2.280711
2415 4.353821 5.115541 2.026833
2416 4.419271 5.388982 2.437034
2417 4.430625 6.199012 2.276029
2418 4.284622 5.607564 2.058115
2419 4.331108 6.349714 2.196804
2420 4.285660 6.265623 2.127800
2421 4.299557 6.177210 2.510363
2422 4.391322 5.901528 2.003794
2423 4.257073 6.627263 2.011622
2424 4.264023 6.242743 2.482161
2425 4.288685 5.629677 2.269776
2426 4.247801 6.343531 2.230273
2427 4.438913 5.015860 2.330111
2428 4.323517 5.147493 3.001342
2429 4.305720 5.565671 2.153440
2430 4.290629 5.654006 2.580362
2431 4.248801 6.299196 2.522161
2432 4.164326 4.975861 2.009574
2433 4.104620 3.985636 2.195429
2434 4.243152 3.932740 2.188949
2435 4.149945 5.023237 2.179572
2436 4.070550 5.023557 2.072571
2437 3.883435 6.014632 2.049860
2438 4.003617 4.917341 2.093783
2439 4.004410 4.998260 2.071911
2440 4.135539 5.070082 2.004986
2441 4.236014 6.577840 2.106372
2442 4.205380 4.917961 2.439649
2443 4.338296 4.894070 2.044535
2444 4.494654 4.290146 2.032190
2445 4.370947 4.987943 2.280840
2446 4.304930 3.837643 2.070268
2447 4.302494 3.926137 2.088284
2448 4.357227 4.087405 2.060209
2449 4.348891 4.701384 2.009854
2450 4.227819 3.981786 3.648453
2451 4.208951 4.005726 2.628385
2452 4.098410 5.295795 2.346911
2453 4.197039 4.990882 4.995118
2454 4.229902 4.460765 3.145511
2455 4.180367 4.897296 2.615856
2456 4.349272 5.100929 2.365521
2457 4.119276 5.896547 2.253793
2458 4.125410 5.350977 2.196126
2459 4.280881 4.621107 2.143309
2460 4.256485 5.296947 2.237941
2461 4.401772 5.462329 2.069366
2462 4.537321 4.875729 2.015743
2463 4.530685 5.510745 2.035353
2464 4.506816 4.624340 2.063631
2465 4.527891 5.503480 2.191922
2466 4.171133 5.633813 3.060530
2467 4.350075 6.337516 2.577450
2468 4.378319 6.612495 2.093687
2469 4.461729 7.553715 2.018143
2470 4.589625 7.598767 2.139836
2471 4.527113 6.649417 2.022704
2472 4.571430 6.278475 2.076023
2473 4.853121 4.719545 4.119202
2474 4.732268 3.869559 2.832368
2475 4.643502 3.699238 3.061948
2476 4.491276 4.276432 2.456769
2477 4.548427 3.201138 4.113643
2478 4.619704 3.165863 3.900408
2479 4.653652 3.846733 2.631575
2480 4.516172 3.088193 3.020904
2481 4.482245 2.750346 5.873936
2482 4.397973 3.606283 5.347488
2483 4.448478 3.569392 4.297177
2484 4.506499 4.355799 4.924848
2485 4.617189 3.815654 5.279877
2486 4.394501 3.675010 5.789069
2487 4.331969 4.489475 4.013609
2488 4.561567 3.831746 2.321721
2489 4.584583 3.990505 2.164292
2490 4.447386 4.499736 3.028031
2491 4.495559 4.849240 2.426938
2492 4.567217 5.281620 2.142130
2493 4.539372 4.261505 2.187631
2494 4.372358 4.530460 2.142150
2495 4.346106 4.362516 2.982129
2496 4.330134 3.936895 2.179971
2497 4.537625 4.805787 2.105040
2498 4.612330 2.854185 3.645082
2499 4.591499 3.572837 4.372963
2500 4.448320 3.727626 4.185565
2501 4.663746 4.129114 2.487547
2502 4.568680 3.762544 2.029477
2503 4.599675 3.490769 3.132348
2504 4.626186 4.013509 2.150685
2505 4.433395 4.393866 2.376665
2506 4.492663 4.331911 2.135676
2507 4.608796 3.943729 2.057173
2508 4.632379 3.782393 2.499929
2509 4.575110 4.568486 2.242355
2510 4.650688 4.790558 2.570669
2511 4.757338 4.299559 2.127498
2512 4.694118 4.500832 2.917985
2513 4.659707 4.323461 2.681198
2514 4.570177 4.777672 2.174897
2515 4.648776 4.620240 2.056318
2516 4.455206 3.633572 2.781250
2517 4.620039 4.195110 2.806213
2518 4.859515 4.887625 2.331465
2519 4.810271 5.361212 2.349080
2520 4.724685 5.727461 2.159544
2521 4.670914 6.145354 2.313106
2522 4.599968 5.367787 2.564254
2523 4.537294 4.089616 2.935599
2524 4.750474 5.716877 2.815056
2525 4.814847 4.189303 5.587797
2526 4.910118 4.553709 4.871369
2527 4.875985 3.812321 5.273443
2528 4.843773 3.684697 4.725556
2529 4.862081 4.222733 5.509586
2530 4.897822 4.319388 4.395541
2531 4.817210 4.244405 2.251517
2532 4.848952 4.611151 2.283014
2533 5.012631 4.442836 2.026029
2534 4.992864 4.933800 2.813740
2535 4.879723 6.064679 2.453102
2536 5.135671 4.574439 3.366269
2537 4.978461 4.262683 2.337734
2538 4.759250 5.306019 2.290204
2539 4.733645 4.473757 2.109986
2540 4.787758 4.136029 2.193965
2541 4.686304 5.014598 2.334952
2542 4.764230 4.793314 3.288597
2543 4.606111 4.155964 3.307481
2544 4.543666 5.436132 2.109819
2545 4.577347 4.208390 2.699157
2546 4.417061 5.163389 2.151070
2547 4.307114 5.412732 2.134657
2548 4.361874 5.287753 2.080007
2549 4.281733 5.582241 2.024267
2550 4.407987 4.678533 2.233989
2551 4.555390 4.113732 2.168459
2552 4.356544 6.652375 2.224113
2553 4.265896 6.200384 2.310260
2554 4.256978 5.089260 2.093856
2555 4.372655 5.499372 2.111452
2556 4.477470 5.844864 2.096983
2557 4.442398 5.959374 2.074415
2558 4.441351 5.909060 2.112089
2559 4.647270 5.817422 2.024046
2560 4.554409 4.692806 2.366715
2561 4.604481 5.295300 2.160724
2562 4.613028 5.086918 2.009416
2563 4.594267 4.636360 2.271034
2564 4.704919 5.174189 2.112594
2565 4.673000 4.406570 3.080766
2566 4.774958 4.312021 2.106092
2567 4.836115 4.341761 2.238496
2568 4.820522 3.184162 3.206861
2569 4.717177 3.632748 2.048707
2570 4.734398 3.149398 2.243418
2571 4.600370 4.211924 2.141385
2572 4.517284 3.892981 2.213203
2573 4.456105 4.113270 2.069889
2574 4.294611 3.811353 2.053859
2575 4.365046 4.077263 2.443933
2576 4.543417 3.860820 2.498685
2577 4.525263 4.719638 2.292120
2578 4.429303 5.782957 2.158269
2579 4.545422 5.095991 2.073076
2580 4.700643 5.802313 2.103090
2581 4.658243 5.464581 2.766729
2582 4.686144 5.645540 3.035614
2583 4.608353 6.568491 2.108325
2584 4.513617 5.145527 3.364268
2585 4.660590 6.098057 3.065684
2586 4.755128 4.865315 5.812146
2587 4.642822 5.228439 4.173542
2588 4.569414 5.440736 3.751221
2589 4.677461 4.812457 3.444434
2590 4.699900 5.333472 4.532659
2591 4.581712 5.086413 2.595015
2592 4.714816 4.033524 5.194009
2593 4.770835 4.329813 2.781338
2594 4.655694 4.678207 2.266654
2595 4.549828 4.064338 2.264806
2596 4.683139 3.863094 2.039451
2597 4.568337 4.549386 2.279066
2598 4.462928 4.313860 2.965675
2599 4.487164 3.942307 2.531195
2600 4.425386 5.033580 2.580748
2601 4.323038 3.632769 3.536244
2602 4.541913 3.626166 2.753398
2603 4.521684 3.420023 2.643848
2604 4.466572 4.052305 2.348899
2605 4.508801 3.335117 3.376064
2606 4.738812 3.038061 4.159648
2607 4.851965 2.890091 2.375861
2608 4.993894 4.612281 2.113741
2609 5.003624 3.263190 3.051247
2610 5.232603 3.719344 2.911730
2611 5.306749 3.070048 4.995303
2612 5.235277 2.604020 2.910111
2613 5.231232 4.041906 2.298434
2614 4.904422 4.167306 2.103874
2615 4.732795 3.317726 3.458799
2616 4.608045 2.479586 4.277933
2617 4.520773 3.687929 4.867015
2618 4.455346 2.360997 5.105743
2619 4.383114 3.080828 5.009260
2620 4.377180 4.141156 2.029873
2621 4.328250 3.404797 3.339609
2622 4.542259 3.484079 2.990146
2623 4.551154 3.657224 2.607297
2624 4.627810 3.811803 2.049709
2625 4.701888 3.671489 2.477712
2626 4.864750 4.326171 2.035423
2627 4.688359 3.233314 2.275169
2628 4.789093 3.885633 2.010831
2629 4.676566 3.666487 2.135332
2630 4.324094 3.712295 2.322325
2631 4.141534 3.562399 2.097970
2632 4.207360 3.587490 2.427883
2633 4.192708 1.884644 2.859356
2634 4.107575 2.514435 2.089085
2635 4.304040 2.730833 2.059481
2636 4.272120 2.230922 3.326979
2637 4.458334 2.055598 2.594743
2638 4.802282 3.950688 2.053132
2639 4.658196 3.714578 2.200568
2640 4.455078 3.535731 2.098415
2641 4.634314 3.912501 2.430911
2642 4.492382 3.015536 2.203523
2643 4.662405 2.282860 2.160636
2648 4.702338 2.273040 2.538931
2649 4.631804 3.028674 2.650205
2650 4.679533 2.772027 3.302192
2651 4.842760 1.881091 5.567187
2652 4.838852 3.236520 2.081406
2653 4.843593 1.566395 5.654968
2766 0.140484 1.215168 5.280432
2767 0.204819 2.950383 2.138862
2768 0.188246 2.387495 2.514276
2769 0.371790 2.741622 3.014459
2770 0.313827 3.758851 2.366707
2771 0.279861 2.512878 2.716469
2772 0.215574 2.156121 2.059586
2777 0.664794 2.593465 2.029418
2778 0.896191 3.342443 2.040787
2779 1.028789 3.344119 2.014892
2780 0.967840 4.225148 2.018068
2781 0.827913 2.829655 2.988195
2782 0.726959 3.950190 2.460480
2783 0.581882 3.359930 2.185492
2784 0.727527 2.312675 2.821813
2785 0.433691 3.124431 2.545555
2786 0.359434 3.738291 2.319722
2787 0.237822 2.470535 2.184705
2795 0.128383 2.304132 5.487106
2796 0.087628 2.992053 5.932766
2797 0.100422 2.332145 5.187878
2798 0.121402 2.580174 5.628859
2799 0.130508 2.321372 5.932907
2800 0.102323 2.736080 5.964670
2801 0.162957 2.994186 5.016975
2802 0.175829 1.855667 4.079637
2803 0.064836 1.910374 5.541550
2804 0.126146 2.666216 3.330955
2805 0.020408 1.510605 5.461503
2806 0.083477 2.279501 4.726655
2807 0.401747 2.172837 4.601098
2808 0.349498 3.526836 3.801762
2809 0.291662 2.887186 5.710142
2810 0.400515 4.478763 4.802387
2811 0.250032 3.821984 4.992999
2812 0.314211 3.779173 5.497510
2813 0.353330 3.627695 4.731727
2814 0.360781 3.910065 2.803860
2815 0.200870 4.004061 2.922344
2816 0.308388 4.219888 3.040762
2817 0.284345 2.819956 4.388878
2818 0.266959 3.674252 3.073977
2819 0.264602 3.768315 2.168275
2820 0.307761 3.636935 2.043867
2821 0.306753 3.917501 2.291849
2822 0.525886 2.532374 3.385926
2823 0.491657 3.393339 2.193399
2824 0.368454 2.571944 5.500329
2825 0.507821 3.036318 2.391746
2826 0.700335 3.688746 2.344199
2827 0.566013 2.036396 2.019236
2828 0.371105 2.091955 4.538665
2829 0.378884 2.920996 4.437322
2830 0.339216 2.111865 5.177735
2831 0.418263 2.268945 3.650015
2832 0.313709 3.117016 4.505727
2833 0.458164 4.070766 2.469329
2834 0.395514 3.466522 2.646676
2835 0.459870 2.691805 5.822422
2836 0.376438 2.403373 5.391523
2837 0.410764 2.466166 3.305999
2838 0.363170 2.234167 4.766616
2839 0.326620 2.730172 5.213503
2840 0.368432 2.594151 5.027826
2841 0.498135 3.691639 2.389250
2842 0.393786 2.752502 5.833061
2843 0.370521 2.863224 4.503667
2844 0.490964 2.656967 5.994817
2845 0.331789 2.665465 5.176433
2846 0.529212 2.107235 5.838039
2847 0.588837 3.637522 3.201854
2848 0.612339 3.350536 4.607595
2849 0.638309 3.417365 2.370491
2850 0.738076 3.603034 2.325354
2851 0.730820 2.404828 2.239941
2852 0.828681 4.040633 2.012025
2853 0.944272 2.680507 2.652250
2854 0.894068 3.947607 2.445768
2855 0.709754 1.961540 2.846763
2857 3.333475 1.675962 2.611050
2858 3.336108 3.324445 3.116014
2859 3.245024 2.787777 2.032752
2860 3.242108 2.221037 2.111877
2861 3.160450 1.925400 2.503265
2864 0.248930 2.148587 2.067181
2865 0.200369 2.644411 5.429448
2866 0.124773 2.544174 3.934227
2867 0.171429 2.531567 4.960793
2868 0.262233 2.488679 4.887630
2869 0.292987 2.744810 4.562132
2870 0.370062 3.229704 2.998037
2871 0.375804 2.747976 4.092556
2872 0.479930 2.272088 4.137015
2873 0.406657 2.436258 5.572740
2874 0.426496 2.810557 5.611675
2875 0.423850 2.719531 4.520104
2876 0.302409 2.943469 5.440571
2877 0.308162 2.876148 4.157417
2878 0.453023 1.550537 5.784876
2879 0.368883 3.227207 5.568938
2880 0.440513 1.959417 3.755103
2881 0.675571 3.662879 2.292096
2882 0.583481 3.765447 2.195973
2883 0.560177 3.731108 4.110336
2883 4.240143 2.759444 2.390444
2884 0.518414 3.279869 5.758101
2884 4.172557 3.506711 5.663974
2885 0.508233 2.893001 4.615010
2885 4.290211 2.373673 5.983406
2886 0.492263 3.888853 4.427416
2886 4.313623 1.640021 5.615260
2887 0.488068 3.148224 5.992334
2887 4.205775 1.655566 5.749140
2888 0.526962 3.325414 4.077963
2888 4.341320 2.685158 4.743512
2889 0.562065 3.167272 5.830672
2889 4.348385 2.200361 4.326742
2890 0.618085 2.904433 3.289313
2891 0.684394 2.137393 5.885904
2892 0.589343 2.248136 2.215729
2893 0.692296 2.123805 4.570771
2978 1.993158 3.001554 2.154272
2979 2.009144 3.156250 2.105580
2980 1.947704 2.875694 3.045970
2981 1.899279 3.137667 2.438183
2982 1.737100 1.287257 5.677179
2983 1.641850 2.301048 4.777732
3054 1.640671 2.618901 2.078112
3055 1.890695 2.253489 2.029365
3056 1.893267 2.879349 2.588639
3057 2.053928 3.332929 2.570231
3058 2.033631 2.899858 2.715986
3064 1.632831 2.473476 2.954439
3065 1.520495 1.593925 5.497475
3066 1.564852 3.026615 2.102497
3120 1.719696 2.111317 2.492925
3121 1.761819 3.205387 2.004860
3122 1.875258 2.274367 2.729654
3123 1.882842 3.030784 2.787400
3124 1.912778 4.255316 3.316236
3125 2.113717 2.860920 2.135319
3126 2.204212 3.121288 2.169333
3127 2.211966 2.419757 2.364332
3135 1.605577 1.576727 5.506002
3136 1.743233 3.267304 3.141128
3137 1.900919 3.316603 2.127351
3138 1.735352 2.286347 3.390731
3258 1.828453 1.587554 3.597961
3259 1.744684 2.435466 3.420385
3260 1.638381 2.399081 4.491205
3261 1.568884 2.626685 5.391154
3300 3.773051 3.047401 5.039193
3301 3.803249 2.906972 2.317868
3302 4.075847 2.449763 5.198991
3303 3.945278 3.175031 5.102568
3304 3.872730 2.731608 3.491800
3305 3.860685 3.497612 2.523367
3306 3.749506 3.853182 2.237616
3325 4.289525 2.716714 2.740225
3326 4.038388 2.751061 2.569393
3327 4.007081 1.702433 2.336627
3328 4.043289 2.838210 4.376596
3329 4.026158 3.083173 4.527684
3330 3.954292 2.485543 5.842451
3331 4.021162 3.101393 2.561291
3332 3.983841 2.355519 3.602865
3333 3.775110 2.468602 3.633803
3334 3.806697 1.799209 3.509972
3335 3.785085 1.814574 2.401850
3336 3.797065 2.082606 2.208912
3337 3.841766 2.012894 4.290995
3338 3.714807 2.462223 3.106880
3339 3.747751 1.403381 3.673197
3348 3.440540 1.737455 4.974271
3349 3.480140 1.781739 5.257448
3350 3.363471 2.666664 4.138926
3351 3.408716 3.114250 5.643757
3352 3.558901 1.642817 5.276772
3353 3.526235 1.931878 3.785032
3354 3.414989 2.158647 5.968636
3355 3.552297 2.836483 5.039118
3356 3.701580 2.348892 5.354142
3357 3.689243 2.829324 2.403535
3358 3.859292 1.735613 4.717882
3359 3.735674 2.947013 2.023935
3360 3.917088 3.993921 2.656313
3361 3.814553 3.063098 4.776835
3362 3.782526 2.998467 4.888588
3363 3.978189 4.020259 2.346010
3364 3.782131 3.524671 4.654551
3365 3.748617 3.591424 3.009275
3366 3.716041 2.819735 5.827257
3367 3.732151 2.146413 5.062647
3368 3.709658 2.892470 2.657686
3369 3.456222 2.857934 2.205561
3370 3.555509 2.635785 2.319851
3371 3.496027 2.394041 2.238309
3372 3.487897 2.246149 2.090847
3373 3.461804 3.101174 2.053886
3374 2.586319 2.604021 2.017347
3375 2.431993 3.538830 2.017120
3376 2.395234 2.506738 3.850476
3377 2.444034 3.007037 2.112273
3378 3.629038 2.711480 5.939278
3379 3.859360 1.435496 5.885344
3380 3.832593 2.564299 2.251332
3388 3.373122 1.439501 5.314145
3389 3.338544 2.018086 3.955035
3390 3.377832 1.858521 3.722328
3391 3.354278 3.813037 3.092204
3392 3.433391 2.434661 2.398472
3393 3.409471 2.677312 4.505567
3394 3.408337 2.938579 3.368783
3395 3.368252 1.344099 4.618597
3396 3.544778 1.910997 5.420675
3397 3.539920 2.917031 3.709220
3398 3.607247 2.357605 2.723943
3399 3.637363 2.865664 3.007053
3400 3.698698 2.737657 3.096760
3401 3.766418 2.788790 4.923661
3402 3.816824 2.830101 4.692669
3403 3.723485 3.046485 2.021153
3404 3.630162 4.112418 2.318039
3405 3.888645 4.219178 2.655476
3406 3.694524 2.764632 5.721873
3407 3.636797 2.995094 2.721213
3408 3.538529 2.181349 5.851409
3409 3.582195 2.372352 3.773048
3410 3.450600 2.941709 2.167821
3411 3.005917 2.686682 2.062624
3412 2.889446 2.570840 2.113511
3413 2.938864 1.734036 4.225011
3414 3.117539 2.854768 2.106095
3415 3.175814 2.909249 2.729517
3416 3.407625 2.993690 2.300991
3417 3.421063 2.738891 2.276353
3426 3.275412 2.399806 2.093961
3427 3.575132 2.322281 3.108640
3428 3.544217 3.558702 2.696308
3429 3.527718 2.781476 5.605864
3430 3.571365 2.646597 3.570784
3431 3.581250 3.514605 3.474566
3432 3.669298 1.980517 5.821069
3433 3.646954 2.438427 4.779880
3434 3.812931 2.214432 4.693479
3435 3.954538 3.382072 2.114972
3436 3.893344 3.183238 2.065680
3437 4.205896 3.643079 2.012825
3438 4.138602 3.406773 2.584603
3439 4.261035 2.875288 2.683917
3440 4.113031 2.625783 2.255451
3441 4.183321 3.102394 2.065149
3447 3.913806 2.404638 4.453947
3448 3.952787 2.022102 4.431449
3449 3.771141 3.030842 2.450891
3450 3.759104 3.164329 2.160426
3451 3.641324 2.625659 2.451827
3452 3.688337 2.364407 3.593231
3453 3.569985 3.170981 2.933416
3454 3.820777 3.237574 4.285323
3455 3.800135 3.573038 2.654297
3456 3.834687 2.450077 4.829174
3464 3.716317 2.091985 2.992176
3465 3.639243 2.360731 5.271941
3466 3.483770 3.987811 2.160110
3467 3.578012 3.666392 3.048078
3468 3.746336 1.879821 4.140284
3474 3.990701 2.749377 5.042855
3475 4.067928 1.955950 3.288892
3476 4.126845 3.266505 2.497211
3477 4.127712 3.235295 3.564590
3478 4.164368 3.136888 3.118452
3479 3.914144 2.767611 5.553583
3480 3.925961 2.500291 4.326049
3481 3.938505 3.178159 4.651328
3482 4.021198 2.586525 5.350966
3483 3.944531 2.616779 5.760523
3484 3.966549 2.299528 5.922386
3485 3.947937 2.552391 4.918266
3486 4.005272 2.655506 4.703572
3487 3.935608 2.116439 5.718094
3488 3.904481 2.049527 3.053317
3489 3.782118 2.647627 4.711179
3490 3.839487 3.068138 4.947514
3491 3.820746 3.831571 2.774884
3492 3.899241 3.479598 5.745778
3493 3.769783 4.195270 3.581383
3494 3.791537 4.066867 4.520377
3495 3.843366 3.883663 5.058974
3496 3.742590 4.100612 2.187083
3497 3.621544 4.687490 2.402755
3498 3.826544 4.682116 2.535975
3499 3.918762 4.809105 3.123099
3500 3.956850 5.091697 2.080632
3501 3.910554 5.970377 2.044306
3502 3.955591 4.841848 4.109465
3503 3.966831 5.386964 5.106846
3504 3.897454 4.759947 3.673671
3505 4.007037 5.249131 2.791089
3506 3.965326 4.665477 3.320776
3507 3.903424 5.487049 2.721660
3508 3.860825 4.808890 5.909964
3509 3.927286 4.593393 5.732437
3510 3.938412 4.548580 5.380927
3511 3.880152 4.767823 5.967715
3512 3.941066 4.907436 5.890082
3513 3.900482 4.919993 5.912719
3514 3.883085 5.361777 5.977348
3515 3.828681 4.968317 5.633213
3516 3.845216 4.643807 5.638334
3517 3.834041 5.695259 5.975955
3518 3.834090 5.156219 5.715441
3519 3.815567 5.397928 5.882716
3520 3.824015 6.252344 5.775710
3521 3.809565 4.595977 5.600887
3522 3.811030 5.119050 4.763656
3523 3.740507 6.282161 2.830176
3524 3.774959 4.509158 4.455961
3525 3.732089 3.680077 5.989482
3526 3.800118 4.233592 2.310134
3527 3.827378 4.484968 3.273404
3528 3.818276 4.372537 4.035321
3529 3.873595 3.947258 5.691746
3530 3.896099 4.007564 2.391296
3531 3.902741 4.493287 2.282081
3532 4.084113 3.803910 2.744228
3533 4.125798 3.658051 2.811920
3534 4.201820 4.683333 2.768553
3535 4.116034 3.256348 2.004163
3536 3.986392 3.376144 4.218081
3537 3.960159 4.054183 5.000696
3538 3.897763 3.999752 5.889419
3539 3.798021 3.968391 5.186374
3540 3.859419 4.264861 5.887223
3541 3.861042 3.692080 5.706766
3542 3.768994 4.728822 5.192645
3543 3.726439 4.091270 3.032047
3544 3.613267 2.240210 3.743831
3545 3.662806 2.810544 3.455135
3546 3.715838 2.047020 3.810045
3547 3.556426 3.992276 2.683141
3548 3.677170 3.869358 2.229112
3549 3.778230 3.346098 3.793655
3550 3.827101 4.451457 4.862641
3551 3.909996 4.121819 5.185265
3552 3.789077 2.924393 5.873207
3553 3.832396 3.766232 5.811021
3554 4.043721 2.813039 5.673675
3555 3.897076 3.792168 3.774073
3556 3.898348 3.481347 2.488855
3557 3.841725 2.879410 2.683645
3558 3.803736 3.543288 2.391483
3559 3.695572 3.823548 2.278291
3560 3.722755 2.962068 3.407769
3561 3.705771 3.097437 2.333356
3562 3.774419 2.857909 2.155551
3563 4.066473 2.526566 2.607475
3564 3.962436 2.791994 2.652674
3565 3.883480 3.628204 2.722389
3566 3.857787 2.490425 2.258759
3567 3.725479 3.426541 2.252816
3568 3.600564 2.817899 2.266475
3569 3.805448 2.274640 2.826908
3570 3.737913 3.721422 2.286950
3611 4.884205 3.024348 2.191893
3612 4.917961 2.225016 5.881505
3613 4.674531 3.654314 2.035149
3614 4.500893 3.271460 2.778173
3615 4.385394 3.667443 2.016510
3616 4.324207 3.951361 2.552024
3617 4.099643 2.723243 2.170469
3618 4.205909 2.794463 2.011005
3619 4.134968 3.589346 2.047980
3620 4.066780 2.152236 2.295199
3621 4.147098 3.439110 2.073057
3622 4.326348 4.184246 2.006085
3623 4.187086 4.115577 2.239615
3624 4.191139 4.307779 2.205976
3625 4.169776 3.425161 2.491613
3626 4.354776 3.343350 2.173297
3627 4.354210 2.253689 5.466899
3628 4.371803 2.640834 2.493591
3644 5.613290 1.935826 3.879079
3645 5.627494 2.462265 5.239074
3646 5.559931 3.085994 3.858527
3647 5.576930 4.457582 2.675204
3648 5.556141 3.130153 4.905955
3649 5.602415 2.940167 5.369815
3650 5.755298 2.756382 3.100855
3660 5.246087 2.745697 2.630556
3661 4.956137 3.555435 2.080282
3662 5.154691 2.659591 2.180881
3673 5.575532 2.320681 4.994673
3674 5.464901 2.721445 5.737918
3675 5.298121 2.429755 5.863837
3676 5.267850 2.188946 5.022387
3677 5.369048 1.927879 3.475465
3678 5.566703 2.542782 4.279546
3686 4.427298 3.034501 2.500000
3687 4.580130 2.538734 2.616736
3688 4.864791 4.132315 2.262877
3689 4.705398 2.020618 2.428637
3690 4.634368 3.739927 2.121781
3691 4.980641 3.084749 2.344915
3692 5.298290 3.644575 3.129092
3693 5.230026 3.545077 2.313749
3694 5.386621 2.224031 4.120090
3695 5.449168 1.925796 5.962580
3696 5.542194 2.656197 4.793482
3697 5.452758 1.953159 4.735262
3698 5.438393 1.539725 4.285962
3699 5.397204 2.247777 2.877215
3700 5.382485 2.159496 5.203227
3701 5.365185 2.368655 5.116554
3702 5.319471 2.750616 5.409381
3703 5.277696 2.423966 5.267989
3704 5.194165 2.326905 5.166863
3705 5.102190 2.041846 4.842166
3706 5.110057 2.843958 2.864617
3719 5.485827 2.301376 5.852954
3720 5.403833 2.581098 4.474087
3721 5.453221 2.459361 5.536277
3722 5.506161 3.350032 5.619605
3723 5.679109 3.661818 2.312436
3724 5.616771 3.409273 2.695570
3725 5.438979 2.368071 3.818154
3726 5.391269 2.285040 2.131626
3727 5.307523 3.161065 2.135365
3728 5.243455 2.963906 2.530567
3731 2.575899 2.218668 2.111640
3732 2.405756 3.571831 2.542806
3733 2.454589 3.014911 2.193772
3734 2.263313 4.166688 2.249791
3735 2.267884 3.270432 2.292584
3736 2.263904 2.851895 2.081168
3737 2.295676 2.161090 2.945213
3765 4.830204 4.275729 2.048935
3766 4.935071 4.441023 2.776912
3767 5.101045 4.367354 2.468845
3768 5.146217 4.035457 2.226186
3769 5.150790 4.222465 2.168603
3770 5.028458 4.259238 2.095773
3771 4.753149 2.978305 2.006116
3795 4.837706 2.181849 2.737345
3796 4.681215 2.110757 3.867268
3797 4.736360 2.346730 3.128595
3798 4.922361 3.649238 2.007232
3799 5.105949 1.614104 2.936096
3800 5.234791 2.108814 2.646647
3801 5.118701 2.450307 4.343322
3802 4.939849 2.451639 2.300677
3813 2.427103 2.761806 3.524466
3814 2.479151 3.229828 2.750920
3815 2.388698 3.408742 3.788073
3816 2.442268 2.688694 5.268934
4066 3.737743 2.286169 5.855853
4067 3.721749 2.978961 4.968816
4068 3.826937 3.097645 5.388759
4069 3.648752 2.939291 3.838489
4070 3.558053 2.330153 4.468827
4071 3.506584 2.648570 5.848018
4076 3.390920 2.272725 2.801952
4077 3.284289 2.672937 3.274961
4156 4.216519 2.840420 2.045518
4157 4.380139 2.605426 2.095313
4158 4.253451 3.488040 2.110366
4159 4.318380 3.985740 2.144777
4160 4.415716 3.178353 2.222794
4161 4.416094 3.590361 2.250236
4162 4.461243 4.864337 2.093957
4163 4.431762 3.222224 2.513355
4164 4.514669 2.509179 2.239719
4165 4.631053 3.589931 2.000486
4217 1.639362 2.671965 2.462158
4218 1.723594 3.011553 2.945529
4219 1.772709 2.293380 5.834096
4220 1.667305 2.081732 5.138024
4253 1.191552 3.035650 2.103193
4254 1.469728 2.802727 2.341899
4255 2.022403 2.727173 2.046359
4256 1.781353 3.168397 2.002834
4257 1.686018 2.967981 2.054434
4258 1.894781 4.027298 2.414740
4259 2.091322 4.131681 2.135689
4260 2.095312 4.060916 2.545242
4261 1.990005 2.419514 2.216507
4262 2.011949 1.920651 2.507901
4263 2.215816 2.361315 2.090673
4275 1.251416 2.187111 2.881481
4276 1.221624 2.720430 3.218833
4277 1.438359 3.185597 2.121599
4278 1.257038 3.289141 2.781011
4279 1.138971 3.517809 2.047092
4283 1.249071 2.519453 2.169948
4284 1.089225 2.292088 5.566720
4285 1.163765 1.786731 5.279014
4286 1.263430 2.634402 5.770431
4287 1.254571 2.634366 4.580030
4288 1.519963 2.133089 3.944739
4296 4.338518 2.453795 2.436612
4297 4.456788 2.195498 5.923036
4298 1.564587 2.544913 4.861902
4298 4.341228 2.370917 3.489237
4299 1.535198 2.561795 5.633368
4299 4.376293 1.814150 4.553978
4300 1.478653 4.152113 2.447428
4300 4.292760 2.601610 4.885739
4301 1.367460 2.872321 3.564814
4309 1.025892 2.546353 3.747805
4310 1.135535 1.881938 3.093076
4311 1.002791 2.880015 2.663801
4312 1.055218 2.682519 2.270293
4316 1.735472 1.730296 2.500000
4317 1.532115 2.758212 2.475810
4318 1.296032 2.001736 5.676317
4319 1.238739 2.793935 3.504348
4320 1.220463 2.623976 3.564996
4321 1.152436 2.822048 5.073019
4322 1.111246 2.721841 3.670517
4323 1.238485 2.163294 5.485241
4332 1.052105 1.540840 2.748991
4333 1.286432 2.340922 3.775505
4334 1.126438 2.565051 3.455414
4334 3.356934 2.521243 5.956459
4335 3.484774 1.952303 3.622583
4335 1.239056 2.158043 2.529493
4336 3.478974 1.693702 5.478799
4337 3.421642 2.146981 4.160275
4338 3.377511 3.303319 4.070423
4339 3.501265 3.311163 2.663649
4340 3.465475 2.477094 4.373624
4380 0.869280 3.060912 2.714300
4415 3.196775 2.800981 2.142156
4416 3.311941 2.631606 3.299825
4417 3.456942 1.996355 3.574834
4418 3.562895 2.484295 3.135543
4419 3.583550 2.311260 2.058880
4441 2.266259 3.198318 2.426676
4442 2.316729 2.477418 2.605379
4443 2.385276 3.281305 2.142105
4444 2.490445 3.539520 2.813258
4445 2.554746 3.676163 2.453078
4446 2.764186 3.914469 2.399668
4447 3.121472 4.858252 2.153753
4448 3.197770 5.519278 2.406330
4449 3.208628 4.781264 2.009445
4450 3.255643 3.681448 5.644843
4451 3.309669 3.174640 2.265634
4452 3.359032 3.645919 2.255423
4453 3.332577 3.861086 2.401971
4454 3.143924 4.619350 2.002921
4455 3.302785 2.935318 2.132945
4456 3.385657 3.319331 2.331758
4457 3.446395 2.058658 3.641924
4458 3.443447 2.552899 2.466035
4459 3.619014 3.552902 2.132473
4460 3.536375 3.343766 2.344430
4461 3.616289 3.244334 5.795613
4462 3.500570 4.605973 2.000849
4463 3.481519 4.456511 2.678073
4464 3.531010 3.145746 3.359916
4465 3.320290 3.631985 3.308222
4466 3.138245 3.289912 2.001550
4467 2.998723 2.755009 2.101827
4468 3.062627 3.359455 2.385664
4469 3.113782 3.135732 2.735889
4470 3.318191 3.142628 2.073389
4471 3.274290 3.395053 2.010400
4472 3.274126 2.859482 2.425029
4473 3.344070 2.821480 2.010305
4474 3.571048 4.608486 2.353300
4475 3.842899 3.234420 2.190129
4476 3.738822 4.433230 2.162768
4477 3.815508 3.775214 4.260446
4478 3.778547 5.021003 2.162058
4479 3.693534 5.332562 2.305207
4480 3.694559 4.614333 3.045442
4481 3.574201 3.135006 2.949359
4482 3.288204 3.506196 2.729252
4483 3.418478 3.715791 4.156536
4484 3.387644 3.868137 5.165640
4485 3.289808 4.691067 2.333214
4486 3.436854 4.751293 2.121010
4487 3.463084 3.795180 2.833966
4488 3.428662 4.748310 2.741788
4489 3.359063 6.408326 2.141402
4490 3.367548 5.738091 2.269330
4491 3.411642 6.005035 2.014545
4492 3.378510 4.130440 4.774553
4493 3.303368 3.837575 5.886499
4494 3.083822 5.694209 2.057317
4495 2.903965 5.742684 2.043191
4496 2.887227 4.519457 2.147782
4497 2.947216 5.087058 2.006112
4498 2.997542 4.385711 2.580165
4499 2.946822 5.063485 2.137736
4500 2.857937 5.366456 2.122695
4501 3.048811 3.970012 2.284330
4502 3.214149 3.963642 2.392671
4503 3.206518 4.298651 3.043546
4504 3.211282 4.039901 2.145051
4505 3.256780 3.649493 2.222753
4506 3.381801 3.286432 2.066634
4507 3.274039 3.107488 2.188810
4508 3.083682 3.616707 2.041871
4509 3.139924 5.240276 2.062779
4510 2.967202 4.428584 2.245698
4511 3.059380 3.660888 2.339582
4512 3.155144 3.822992 2.657225
4513 3.173455 4.807571 2.370442
4514 3.102876 3.774037 2.064886
4515 3.262703 4.978166 2.083617
4516 3.232981 6.348079 2.110433
4517 3.123680 6.236314 2.001615
4518 3.285837 6.424512 2.059690
4519 3.424578 7.431293 2.014633
4520 3.412038 6.822842 2.114255
4521 3.359996 7.331538 2.365301
4522 3.483881 5.867445 2.625009
4523 3.629979 5.210648 2.392834
4524 3.600451 3.559947 4.899734
4525 3.676566 3.826750 5.160334
4526 3.483567 3.742153 4.586322
4527 3.455735 4.751752 2.422576
4528 3.480654 3.132253 4.583430
4529 3.351704 3.845525 3.331721
4530 3.339262 4.358917 2.010628
4531 3.074794 5.689025 2.180567
4532 3.117191 6.508519 2.012796
4533 3.388826 4.787215 2.041637
4534 3.264399 5.484602 2.000176
4535 3.334180 4.233145 5.286414
4536 3.408237 3.749896 5.516571
4537 3.286073 3.844445 4.367148
4538 3.324738 3.298258 5.748018
4539 3.394125 4.962802 2.147850
4540 3.461634 4.620944 3.676236
4541 3.403343 4.869927 5.227149
4542 3.481162 5.206276 5.019213
4543 3.390458 4.351715 4.506943
4544 3.475197 4.849832 5.659407
4545 3.372610 4.538150 4.673237
4546 3.331483 4.768240 5.467312
4547 3.193721 5.283352 4.439199
4548 3.287168 4.382879 4.582555
4549 3.284534 3.468579 5.243983
4550 3.231794 3.977812 4.739253
4551 3.274895 4.597605 4.305248
4552 3.459260 5.133535 2.436225
4553 3.322400 3.589029 2.161123
4554 3.210778 4.314149 2.005548
4555 3.518094 4.094600 2.023227
4556 3.565313 5.878046 2.077032
4557 3.478891 3.742730 2.523859
4558 3.460271 4.736311 2.444770
4559 3.467665 5.924440 2.066441
4560 3.616238 5.222875 2.731602
4561 3.492204 4.522650 2.456519
4562 3.573585 4.109436 4.966851
4563 3.713638 3.990951 4.932158
4564 3.580292 4.724468 3.189641
4565 3.615893 3.574368 5.528137
4566 3.533681 3.074503 5.552089
4567 3.559604 6.490575 2.265488
4568 3.559255 4.104118 4.763812
4569 3.640789 4.431330 4.976376
4570 3.593340 3.823239 4.432141
4571 3.553180 2.964304 4.680344
4572 3.526093 3.237594 4.551394
4573 3.383487 4.673494 2.633974
4574 3.459282 2.764040 5.443583
4575 3.302667 4.091604 2.333829
4576 3.265814 5.022595 2.893692
4577 3.358597 4.130523 3.099618
4578 3.331557 3.782686 4.983867
4579 3.262709 4.481275 3.017626
4580 3.347624 3.904379 4.549855
4581 3.355371 3.694073 4.861224
4582 3.319785 2.959718 5.270339
4583 3.323808 3.368359 2.916034
4584 3.365858 3.752762 5.274330
4585 3.388994 3.556149 2.196480
4586 3.460328 3.462248 3.320109
4587 3.397508 3.837300 2.139242
4588 3.259143 3.915716 2.836469
4589 3.262518 4.862133 2.885486
4590 3.288808 6.228000 2.158086
4591 3.357448 4.543886 2.232436
4592 3.393337 4.136444 5.721866
4593 3.264687 5.259656 5.200399
4594 3.411625 5.389115 4.674325
4595 3.589969 4.965717 2.728468
4596 3.512353 5.705603 2.686068
4597 3.652138 4.379371 3.241338
4598 3.674437 6.712774 2.320918
4599 3.704318 5.646333 3.646462
4600 3.686453 4.682969 2.922312
4601 3.716321 4.624331 2.396610
4602 3.796893 3.928868 3.546027
4603 3.753792 5.040061 2.240391
4604 3.617776 4.739213 2.090452
4605 3.550021 5.132171 2.216645
4606 3.334688 5.157204 2.242872
4607 3.496559 4.109250 2.223107
4608 3.474380 5.049420 2.996603
4609 3.476089 4.778715 2.454486
4610 3.600866 4.412027 2.030653
4611 3.618681 4.856286 2.144095
4612 3.616702 3.734311 2.064145
4613 3.724120 3.830856 3.783292
4614 3.704754 3.144102 5.739483
4615 3.696952 2.415073 3.442467
4616 3.915030 3.362964 2.641215
4617 3.847429 4.754732 2.383935
4618 4.043141 4.372367 2.262257
4619 3.925864 4.574768 2.462545
4620 3.646124 3.936563 3.432018
4621 3.490526 3.761499 2.088787
4622 3.218255 3.107539 2.105541
4623 3.040939 3.109928 5.530856
4624 3.040000 3.523136 5.622368
4625 2.938035 3.208986 5.190137
4626 3.070597 3.570084 5.842154
4627 3.152769 3.491058 2.014720
4628 3.045447 3.546144 3.845491
4629 3.225236 3.263705 3.072599
4630 3.210906 4.707856 2.493072
4631 3.164069 4.558635 2.923082
4632 3.444847 3.265795 4.657495
4633 3.384399 3.582359 2.190658
4634 3.449985 3.253554 5.040431
4635 3.282605 2.850992 3.355513
4636 3.105507 3.421040 3.402152
4637 3.205562 3.087235 2.599156
4638 3.455710 3.067311 2.057857
4639 3.442396 4.905555 2.221914
4640 3.227717 4.989038 2.264450
4641 3.235291 4.766396 2.120075
4642 3.420883 4.127773 2.988286
4643 3.590703 4.869956 2.362880
4644 3.595193 4.968027 2.554597
4645 3.487242 3.499130 2.954262
4646 3.577129 3.125805 3.862515
4647 3.740390 2.503794 5.418188
4648 3.697984 2.119621 3.965163
4649 3.506666 2.948925 4.229768
4650 3.457918 2.491587 4.527004
4651 3.518359 3.674558 4.146897
4652 3.605027 4.367460 4.120786
4653 3.470497 4.718351 3.405342
4654 3.482041 3.836624 4.412789
4655 3.577222 3.939847 5.039981
4656 3.448708 2.940838 3.109992
4657 3.488340 3.031690 5.990686
4658 3.432960 2.592646 5.359884
4659 3.404071 1.592710 3.442286
4660 3.406892 2.249815 5.549883
4661 3.532052 3.106765 5.721140
4662 3.489139 3.908766 4.247428
4663 3.586159 3.592047 5.081958
4664 3.524858 4.427369 3.071416
4665 3.567348 4.959760 2.257705
4666 3.575103 6.080302 2.049805
4667 3.409881 5.310124 2.261920
4668 3.367792 5.664813 2.055961
4669 3.380683 4.282033 2.391656
4670 3.469353 2.648173 2.111478
4671 3.500031 2.525723 2.344900
4672 3.334798 2.831512 2.306029
4673 3.292991 2.847595 2.553389
4674 3.299445 3.502118 2.959183
4675 3.269174 2.979297 5.733758
4676 3.246579 3.012358 4.520629
4677 3.189275 4.265991 4.331615
4678 3.146551 3.998956 5.361428
4679 3.141565 4.308396 5.405235
4680 3.165324 4.327136 3.409967
4681 3.245545 3.529100 4.906777
4682 3.210546 3.190169 3.948564
4683 3.260700 2.388747 5.879265
4684 3.421097 1.982572 5.304912
4685 3.498086 2.548815 4.935541
4686 3.519586 2.537167 4.718249
4687 3.613347 2.318467 5.863314
4688 3.708859 2.229831 3.241770
4689 3.641174 2.553404 5.071311
4690 3.635316 2.442193 5.727594
4691 3.596952 2.527753 2.668718
4692 3.413182 2.605447 2.986949
4693 3.104470 2.370971 3.360115
4694 3.061379 2.639750 2.719311
4695 3.158019 2.135676 2.519841
4696 3.055563 2.155216 2.831635
4697 3.286243 3.808781 2.013659
4698 3.494023 2.695587 2.892980
4699 3.449703 3.253798 2.375528
4700 3.589342 3.186234 2.644739
4701 3.424049 2.617191 2.461116
4702 3.351965 5.068966 2.023936
4703 3.350824 4.698361 2.083871
4704 3.192540 4.601866 2.967018
4705 2.970035 4.425891 2.030062
4706 3.071287 6.044579 2.233999
4707 3.084794 4.477546 2.037588
4708 3.083640 3.694101 3.578039
4709 3.221518 2.124139 5.508319
4710 3.415899 2.881821 2.362491
